country,year,polyarchy,liberal_democracy,participatory_democracy,deliberative_democracy,egalitarian_democracy,regime_type,physinteg,mil_constrain,mil_exec,exec_confidence,judicial_constraints,legislative_constraints,rule_of_law_vdem,public_sector_corruption,executive_corruption,corruption_index,clientelism,civil_society_participation,party_institutionalization,state_authority,coup_total_events,coup_event,coup_attempts,executive_direct_election,election_repression,voter_turnout,democracy_breakdown,democracy_transition,polity2,cs_repress,political_violence
Argentina,1960,0.49,0.356,0.312,0.428,0.37,1.0,0.675,0.996,0.3,0.667,0.64,0.636,0.672,0.281,0.262,0.242,0.354,0.788,0.692,-1.246,0,0,2,1.0,,,1,0,5,1.204,1.94
Argentina,1961,0.492,0.362,0.313,0.429,0.371,1.0,0.675,0.996,0.3,0.667,0.695,0.636,0.691,0.281,0.262,0.242,0.355,0.788,0.692,-1.246,0,0,1,1.0,,,1,0,5,1.204,2.373
Argentina,1962,0.274,0.206,0.211,0.283,0.255,1.0,0.647,0.996,0.8,0.667,0.74,0.636,0.667,0.24,0.298,0.241,0.354,0.712,0.692,-1.246,1,1,3,0.0,,,2,-1,5,1.204,2.373
Argentina,1963,0.308,0.226,0.226,0.325,0.271,1.0,0.645,0.996,0.3,0.667,0.788,0.678,0.79,0.139,0.068,0.141,0.353,0.761,0.692,-1.246,0,0,1,1.0,,,2,1,6,0.284,2.373
Argentina,1964,0.525,0.423,0.331,0.453,0.397,2.0,0.742,0.996,0.3,0.667,0.818,0.736,0.849,0.139,0.068,0.124,0.352,0.816,0.692,-1.246,0,0,0,1.0,,,2,0,6,1.205,2.373
Argentina,1965,0.526,0.427,0.332,0.454,0.397,2.0,0.742,0.996,0.3,0.667,0.818,0.763,0.849,0.139,0.068,0.124,0.339,0.736,0.692,-1.246,0,0,0,1.0,,,2,0,6,-0.014,2.373
Argentina,1966,0.228,0.202,0.197,0.257,0.198,1.0,0.54,0.996,0.9,0.333,0.588,0.763,0.667,0.139,0.288,0.193,0.377,0.356,0.635,-1.246,1,1,1,0.0,,,3,-1,-9,-0.996,2.373
Argentina,1967,0.103,0.089,0.153,0.116,0.13,0.0,0.246,0.996,0.9,0.333,0.478,,0.303,0.423,0.644,0.425,0.452,0.282,,-1.246,0,0,0,0.0,,,3,0,-9,-1.221,2.373
Argentina,1968,0.106,0.084,0.154,0.116,0.13,0.0,0.114,0.996,0.9,0.333,0.478,,0.303,0.423,0.644,0.425,0.452,0.282,,-1.246,0,0,0,0.0,,,3,0,-9,-1.221,2.373
Argentina,1969,0.108,0.081,0.154,0.116,0.131,0.0,0.067,0.996,0.9,0.333,0.478,,0.303,0.423,0.644,0.425,0.452,0.282,,-1.246,0,0,0,0.0,,,3,0,-9,-1.221,2.373
Argentina,1970,0.109,0.092,0.155,0.117,0.14,0.0,0.098,0.996,0.9,0.333,0.53,,0.361,0.423,0.604,0.413,0.481,0.282,,-1.246,1,1,1,0.0,,,3,0,-9,-1.221,2.373
Argentina,1971,0.121,0.094,0.157,0.119,0.142,0.0,0.098,0.996,0.9,0.333,0.53,,0.361,0.423,0.604,0.413,0.481,0.282,,-1.246,1,1,2,0.0,,,3,0,-9,-1.221,2.373
Argentina,1972,0.13,0.095,0.16,0.121,0.144,0.0,0.098,0.996,0.9,0.333,0.53,,0.361,0.423,0.604,0.413,0.481,0.282,,-1.246,0,0,0,0.0,,,3,0,-9,-1.221,2.373
Argentina,1973,0.456,0.278,0.303,0.315,0.296,1.0,0.128,0.996,0.3,0.667,0.595,0.512,0.386,0.532,0.706,0.414,0.255,0.58,0.748,-0.036,0,0,0,1.0,,,3,1,6,0.399,2.373
Argentina,1974,0.565,0.326,0.361,0.368,0.393,2.0,0.088,0.996,0.2,0.667,0.549,0.529,0.356,0.532,0.749,0.424,0.252,0.685,0.748,-0.036,0,0,0,1.0,,,3,0,6,0.149,2.373
Argentina,1975,0.513,0.295,0.333,0.32,0.349,2.0,0.036,0.996,0.3,0.667,0.549,0.529,0.356,0.532,0.749,0.424,0.252,0.577,0.748,-0.036,0,0,2,1.0,,,3,0,6,-1.35,2.373
Argentina,1976,0.134,0.068,0.127,0.067,0.136,1.0,0.024,0.996,0.9,0.667,0.348,0.529,0.14,0.532,0.814,0.437,0.31,0.117,0.73,-1.109,1,1,1,0.0,,,4,-1,-9,-2.732,2.537
Argentina,1977,0.071,0.049,0.112,0.05,0.117,0.0,0.024,0.996,0.9,0.333,0.39,,0.136,0.532,0.814,0.515,0.31,0.033,,-1.109,0,0,0,0.0,,,4,0,-9,-2.732,2.537
Argentina,1978,0.071,0.049,0.112,0.05,0.117,0.0,0.024,0.996,0.9,0.333,0.39,,0.136,0.532,0.814,0.515,0.31,0.033,,-1.109,0,0,0,0.0,,,4,0,-9,-2.732,2.537
Argentina,1979,0.071,0.049,0.112,0.05,0.117,0.0,0.024,0.996,0.9,0.333,0.39,,0.136,0.532,0.814,0.515,0.31,0.033,,-1.109,0,0,0,0.0,,,4,0,-9,-2.732,2.537
Argentina,1980,0.071,0.05,0.112,0.05,0.117,0.0,0.024,0.996,0.9,0.333,0.396,,0.141,0.532,0.814,0.515,0.31,0.033,,-1.109,0,0,0,0.0,,,4,0,-9,-2.732,1.296
Argentina,1981,0.071,0.05,0.112,0.05,0.117,0.0,0.024,0.996,0.9,0.333,0.396,,0.141,0.532,0.814,0.515,0.31,0.033,,-1.109,1,0,0,0.0,,,4,0,-8,-2.732,0.948
Argentina,1982,0.074,0.051,0.112,0.051,0.117,0.0,0.024,0.996,0.9,0.333,0.396,,0.141,0.532,0.814,0.515,0.31,0.099,,-1.109,0,0,0,0.0,,,4,0,-8,-1.962,0.948
Argentina,1983,0.268,0.21,0.172,0.248,0.195,1.0,0.257,0.996,0.3,0.333,0.608,0.631,0.515,0.217,0.187,0.248,0.197,0.262,0.769,-1.109,0,0,0,1.0,,,4,1,8,-1.912,0.922
Argentina,1984,0.832,0.677,0.587,0.775,0.689,2.0,0.945,0.996,0.1,0.333,0.769,0.698,0.831,0.217,0.126,0.327,0.201,0.939,0.837,-1.109,0,0,0,1.0,,,4,0,8,2.464,-1.248
Argentina,1985,0.832,0.677,0.565,0.77,0.688,2.0,0.945,0.996,0.1,0.333,0.769,0.698,0.831,0.217,0.126,0.327,0.206,0.939,0.837,-1.109,0,0,0,1.0,,,4,0,8,2.464,-1.248
Argentina,1986,0.831,0.675,0.563,0.775,0.687,2.0,0.945,0.996,0.1,0.333,0.769,0.698,0.831,0.217,0.126,0.327,0.234,0.939,0.837,-1.109,0,0,0,1.0,,,4,0,8,2.464,-1.248
Argentina,1987,0.831,0.675,0.566,0.773,0.687,2.0,0.945,0.996,0.1,0.333,0.769,0.698,0.831,0.217,0.126,0.327,0.284,0.939,0.756,-1.109,0,0,0,1.0,,,4,0,8,2.464,-1.248
Argentina,1988,0.83,0.675,0.566,0.772,0.688,2.0,0.945,0.996,0.1,0.667,0.769,0.698,0.831,0.217,0.126,0.327,0.283,0.939,0.756,-1.109,0,0,1,1.0,,,4,0,8,2.464,-1.248
Argentina,1989,0.828,0.672,0.564,0.73,0.684,2.0,0.89,0.996,0.1,0.667,0.769,0.717,0.672,0.527,0.575,0.513,0.275,0.939,0.756,-1.109,0,0,0,1.0,,,4,0,7,2.464,-0.09
Argentina,1990,0.827,0.622,0.568,0.739,0.65,2.0,0.89,0.996,0.1,0.667,0.591,0.676,0.471,0.58,0.808,0.629,0.512,0.939,0.682,-1.109,0,0,0,1.0,,,4,0,7,2.464,-1.142
Argentina,1991,0.829,0.632,0.569,0.766,0.655,2.0,0.9,0.996,0.0,0.667,0.59,0.702,0.495,0.58,0.808,0.629,0.525,0.939,0.682,-1.109,0,0,0,1.0,,,4,0,7,2.464,-1.142
Argentina,1992,0.831,0.635,0.568,0.769,0.656,2.0,0.9,0.996,0.0,0.333,0.59,0.702,0.515,0.58,0.808,0.629,0.544,0.939,0.682,-1.109,0,0,0,1.0,,,4,0,7,2.464,-1.142
Argentina,1993,0.83,0.635,0.563,0.769,0.656,2.0,0.9,0.996,0.0,0.333,0.59,0.702,0.538,0.485,0.808,0.608,0.54,0.939,0.682,-1.109,0,0,0,1.0,,,4,0,7,2.464,-1.142
Argentina,1994,0.835,0.641,0.579,0.775,0.66,2.0,0.9,0.996,0.0,0.333,0.59,0.702,0.538,0.485,0.808,0.608,0.461,0.939,0.682,-1.109,0,0,0,1.0,,,4,0,7,2.464,-1.142
Argentina,1995,0.833,0.646,0.576,0.773,0.658,2.0,0.9,0.996,0.0,0.333,0.594,0.738,0.549,0.485,0.808,0.608,0.497,0.939,0.682,-1.109,0,0,0,1.0,,,4,0,7,2.464,-1.142
Argentina,1996,0.827,0.637,0.572,0.768,0.662,2.0,0.9,0.996,0.0,0.333,0.594,0.715,0.549,0.485,0.808,0.608,0.532,0.939,0.674,-1.109,0,0,0,1.0,,,4,0,7,2.464,-1.142
Argentina,1997,0.828,0.638,0.573,0.769,0.661,2.0,0.9,0.996,0.0,0.333,0.594,0.715,0.549,0.485,0.808,0.608,0.529,0.939,0.674,-1.109,0,0,0,1.0,,,4,0,7,2.464,-1.142
Argentina,1998,0.83,0.639,0.575,0.772,0.662,2.0,0.9,0.996,0.0,0.333,0.594,0.715,0.55,0.485,0.808,0.608,0.52,0.939,0.674,-1.109,0,0,0,1.0,,,4,0,7,2.464,-1.142
Argentina,1999,0.83,0.646,0.575,0.769,0.661,2.0,0.947,0.996,0.0,0.333,0.613,0.715,0.569,0.455,0.808,0.6,0.522,0.939,0.674,-1.109,0,0,0,1.0,,,4,0,8,2.464,-1.142
Argentina,2000,0.836,0.676,0.579,0.781,0.662,2.0,0.947,0.996,0.0,0.667,0.717,0.736,0.704,0.455,0.338,0.46,0.463,0.939,0.666,-1.109,0,0,0,1.0,,,4,0,8,2.464,-1.142
Argentina,2001,0.835,0.682,0.578,0.783,0.662,2.0,0.926,0.996,0.0,1.0,0.71,0.778,0.698,0.455,0.338,0.46,0.462,0.939,0.637,-1.109,0,0,0,1.0,,,4,0,8,2.464,-1.142
Argentina,2002,0.825,0.666,0.57,0.767,0.653,2.0,0.904,0.996,0.0,1.0,0.712,0.771,0.627,0.505,0.533,0.518,0.462,0.939,0.637,-1.109,0,0,0,0.0,,,4,0,8,2.464,-1.142
Argentina,2003,0.81,0.645,0.56,0.63,0.639,2.0,0.904,0.996,0.0,0.667,0.714,0.771,0.543,0.557,0.689,0.555,0.443,0.939,0.637,-1.109,0,0,0,1.0,,,4,0,8,2.464,-1.142
Argentina,2004,0.804,0.641,0.552,0.599,0.637,2.0,0.904,0.996,0.0,0.333,0.714,0.771,0.549,0.557,0.689,0.555,0.44,0.879,0.646,-1.109,0,0,0,1.0,,,4,0,8,1.935,-1.142
Argentina,2005,0.801,0.632,0.549,0.597,0.635,2.0,0.904,0.996,0.036,0.333,0.685,0.749,0.549,0.557,0.689,0.555,0.45,0.879,0.621,-1.109,0,0,0,1.0,,,4,0,8,1.935,-1.142
Argentina,2006,0.789,0.621,0.539,0.593,0.625,2.0,0.904,0.996,0.036,0.333,0.685,0.749,0.549,0.557,0.689,0.555,0.491,0.879,0.621,-1.109,0,0,0,1.0,,,4,0,8,1.935,-1.142
Argentina,2007,0.784,0.617,0.536,0.589,0.625,2.0,0.904,0.996,0.036,0.333,0.674,0.741,0.532,0.557,0.689,0.555,0.472,0.879,0.63,-1.109,0,0,0,1.0,,,4,0,8,1.935,-1.142
Argentina,2008,0.765,0.593,0.524,0.555,0.609,2.0,0.904,0.996,0.036,0.333,0.65,0.746,0.522,0.557,0.689,0.555,0.475,0.861,0.629,-1.109,0,0,0,1.0,,,4,0,8,1.631,-1.142
Argentina,2009,0.764,0.594,0.52,0.557,0.606,2.0,0.904,0.996,0.036,0.333,0.65,0.746,0.522,0.557,0.689,0.555,0.476,0.861,0.63,-0.558,,0,0,1.0,,,4,0,8,1.631,-1.142
Argentina,2010,0.761,0.591,0.512,0.549,0.604,2.0,0.904,0.996,0.036,0.333,0.65,0.76,0.522,0.557,0.689,0.545,0.446,0.844,0.641,-1.106,,0,0,1.0,,,4,0,8,1.299,-1.142
Argentina,2011,0.762,0.588,0.511,0.551,0.606,2.0,0.903,0.996,0.036,0.333,0.65,0.722,0.522,0.557,0.689,0.545,0.449,0.844,0.645,-1.106,,0,0,1.0,,,4,0,8,1.299,-1.142
Argentina,2012,0.766,0.589,0.515,0.555,0.609,2.0,0.892,0.996,0.036,0.333,0.65,0.715,0.522,0.557,0.689,0.545,0.461,0.844,0.645,-1.106,,0,0,1.0,,,4,0,8,1.299,-1.142
Argentina,2013,0.774,0.594,0.521,0.561,0.615,2.0,0.883,0.996,0.042,0.333,0.649,0.707,0.514,0.577,0.701,0.554,0.459,0.847,0.645,-1.106,,0,0,1.0,,,4,0,8,1.299,-1.142
Argentina,2014,0.786,0.604,0.53,0.572,0.625,2.0,0.883,0.996,0.042,0.333,0.649,0.717,0.514,0.577,0.701,0.554,0.473,0.847,0.647,-1.106,,0,0,1.0,,,4,0,8,1.299,-1.142
Argentina,2015,0.776,0.601,0.523,0.565,0.613,2.0,0.839,0.996,0.042,0.333,0.653,0.76,0.527,0.558,0.632,0.533,0.443,0.847,0.675,-1.106,,0,0,1.0,,,4,0,9,1.299,-1.142
Argentina,2016,0.753,0.616,0.503,0.597,0.598,2.0,0.843,0.996,0.042,0.0,0.757,0.836,0.657,0.431,0.389,0.436,0.42,0.898,0.665,-1.106,,0,0,1.0,,,4,0,9,1.616,-1.142
Argentina,2017,0.754,0.612,0.504,0.588,0.584,2.0,0.794,0.996,0.042,0.0,0.743,0.824,0.667,0.431,0.389,0.41,0.437,0.88,0.674,-1.106,,0,0,1.0,,,4,0,9,1.156,-1.142
Argentina,2018,0.783,0.637,0.521,0.602,0.621,2.0,0.842,0.996,0.042,0.0,0.741,0.805,0.654,0.431,0.384,0.408,0.439,0.903,0.679,-1.106,,0,0,1.0,,,4,0,9,1.156,-1.142
Argentina,2019,0.788,0.626,0.525,0.6,0.623,2.0,0.811,0.996,0.042,0.0,0.733,0.767,0.651,0.414,0.393,0.409,0.436,0.903,0.696,-0.931,,0,0,1.0,,,4,0,,1.156,-1.142
Argentina,2020,0.805,0.644,0.543,0.65,0.626,2.0,0.9,0.996,0.0,0.0,0.785,0.718,0.623,0.52,0.568,0.48,0.458,0.888,0.675,-0.508,,0,0,1.0,,,4,0,,1.895,-1.142
Argentina,2021,0.797,0.64,0.539,0.638,0.623,2.0,0.895,0.996,0.0,0.0,0.785,0.754,0.618,0.52,0.568,0.48,0.454,0.888,0.675,-0.508,,0,0,1.0,,,,,,1.895,-1.307
Argentina,2022,0.832,0.661,0.565,0.639,0.655,2.0,0.823,0.996,0.0,0.0,0.73,0.744,0.61,0.52,0.568,0.48,0.466,0.888,0.682,-0.508,,0,0,1.0,,,,,,1.895,-0.017
Argentina,2023,0.838,0.695,0.57,0.628,0.676,2.0,0.882,0.996,0.0,0.0,0.779,0.819,0.636,0.52,0.568,0.404,0.471,0.888,0.649,-0.508,,0,0,1.0,,,,,,1.895,-0.947
Argentina,2024,0.712,0.553,0.461,0.431,0.539,2.0,0.882,0.996,0.0,0.333,0.633,0.816,0.626,0.473,0.326,0.387,0.459,0.833,0.632,-0.726,,0,0,1.0,,,,,,0.874,-0.561
Bolivia,1960,0.265,0.114,0.097,0.175,0.145,1.0,0.47,-1.375,0.143,0.0,0.306,0.152,0.232,0.764,0.707,0.773,0.832,0.592,0.39,1.07,0,0,1,1.0,,,0,0,4,0.369,1.596
Bolivia,1961,0.267,0.114,0.097,0.175,0.145,1.0,0.47,-1.375,0.143,0.0,0.306,0.152,0.232,0.764,0.707,0.773,0.831,0.592,0.39,1.07,0,0,0,1.0,,,0,0,4,0.369,1.596
Bolivia,1962,0.261,0.113,0.096,0.171,0.143,1.0,0.47,-1.375,0.143,0.0,0.306,0.152,0.232,0.764,0.707,0.773,0.826,0.592,0.39,1.07,0,0,0,1.0,,,0,0,4,0.369,1.596
Bolivia,1963,0.257,0.111,0.095,0.169,0.141,1.0,0.47,-1.375,0.143,0.0,0.306,0.152,0.232,0.764,0.707,0.773,0.823,0.592,0.39,1.07,0,0,0,1.0,,,0,0,4,0.369,1.596
Bolivia,1964,0.229,0.09,0.08,0.138,0.128,1.0,0.263,-1.375,0.214,0.0,0.28,0.169,0.175,0.764,0.707,0.78,0.831,0.48,0.39,1.07,1,1,1,0.0,,,0,0,-4,-0.533,1.264
Bolivia,1965,0.123,0.041,0.045,0.052,0.1,0.0,0.116,-1.375,0.857,0.0,0.238,,0.118,0.86,0.741,0.821,0.806,0.311,,0.927,0,0,0,0.0,,,0,0,-4,-0.66,1.426
Bolivia,1966,0.137,0.036,0.046,0.035,0.103,1.0,0.116,-1.375,0.357,0.0,0.098,0.077,0.075,0.912,0.741,0.828,0.836,0.311,0.163,0.927,0,0,0,1.0,,,0,0,-4,-0.66,1.674
Bolivia,1967,0.184,0.048,0.054,0.042,0.113,1.0,0.116,-1.375,0.357,0.0,0.098,0.077,0.075,0.912,0.741,0.816,0.892,0.287,0.163,0.927,0,0,0,1.0,,,0,0,-4,-0.66,1.83
Bolivia,1968,0.184,0.048,0.054,0.042,0.113,1.0,0.116,-1.375,0.357,0.0,0.098,0.077,0.075,0.912,0.741,0.816,0.892,0.287,0.163,0.927,0,0,0,1.0,,,0,0,-4,-0.66,1.418
Bolivia,1969,0.168,0.043,0.051,0.05,0.115,1.0,0.116,-1.375,0.357,0.0,0.098,0.075,0.075,0.912,0.741,0.84,0.892,0.354,0.163,0.782,1,1,1,0.0,,,0,0,-4,0.204,1.425
Bolivia,1970,0.109,0.03,0.048,0.047,0.105,0.0,0.162,-1.375,0.857,0.0,0.113,,0.093,0.876,0.761,0.834,0.853,0.384,,0.782,1,1,1,0.0,,,0,0,-5,0.367,1.425
Bolivia,1971,0.098,0.018,0.044,0.02,0.103,0.0,0.04,-1.375,0.857,0.0,0.046,,0.052,0.912,0.777,0.849,0.853,0.289,,0.782,1,1,2,0.0,,,0,0,-7,-0.753,1.086
Bolivia,1972,0.09,0.017,0.033,0.013,0.088,0.0,0.04,-1.375,0.786,0.0,0.046,,0.052,0.912,0.777,0.849,0.864,0.227,,0.706,0,0,0,0.0,,,0,0,-7,-1.002,1.086
Bolivia,1973,0.09,0.017,0.033,0.013,0.088,0.0,0.04,-1.375,0.786,0.0,0.046,,0.052,0.912,0.777,0.849,0.864,0.227,,0.706,0,0,0,0.0,,,0,0,-7,-1.002,1.086
Bolivia,1974,0.089,0.017,0.033,0.012,0.088,0.0,0.04,-1.375,0.786,0.0,0.046,,0.052,0.912,0.777,0.849,0.864,0.227,,0.294,0,0,1,0.0,,,0,0,-7,-1.002,1.086
Bolivia,1975,0.088,0.017,0.032,0.012,0.088,0.0,0.04,-1.375,0.786,0.0,0.046,,0.052,0.912,0.777,0.849,0.864,0.227,,0.294,0,0,0,0.0,,,0,0,-7,-1.002,1.086
Bolivia,1976,0.088,0.017,0.032,0.012,0.087,0.0,0.04,-1.375,0.786,0.0,0.046,,0.052,0.912,0.777,0.849,0.864,0.227,,0.294,0,0,0,0.0,,,0,0,-7,-1.002,1.086
Bolivia,1977,0.088,0.017,0.032,0.012,0.087,0.0,0.04,-1.375,0.786,0.0,0.046,,0.052,0.912,0.777,0.849,0.864,0.227,,0.294,0,0,0,0.0,,,0,0,-7,-1.002,1.086
Bolivia,1978,0.107,0.021,0.035,0.015,0.09,1.0,0.074,-1.375,0.857,0.0,0.052,,0.057,0.912,0.777,0.849,0.726,0.281,,0.294,2,2,2,0.0,,,0,0,-4,-0.14,1.244
Bolivia,1979,0.14,0.04,0.042,0.027,0.113,1.0,0.3,-1.375,0.42,0.0,0.063,0.058,0.069,0.877,0.761,0.824,0.695,0.458,0.185,0.294,2,1,2,0.0,,,0,1,-4,-0.386,1.244
Bolivia,1980,0.126,0.033,0.04,0.029,0.104,1.0,0.138,-1.375,0.929,0.0,0.054,0.085,0.052,0.877,0.761,0.835,0.693,0.319,0.185,0.196,1,1,1,0.0,,,1,-1,-7,-1.576,1.244
Bolivia,1981,0.1,0.023,0.037,0.028,0.098,0.0,0.138,-1.375,0.786,0.0,0.045,,0.042,0.912,0.836,0.87,0.693,0.36,,0.337,1,1,4,0.0,,,1,0,-7,-1.83,0.636
Bolivia,1982,0.202,0.12,0.082,0.129,0.151,0.0,0.61,-1.375,0.214,0.0,0.288,0.352,0.25,0.595,0.779,0.749,0.537,0.578,0.481,0.392,1,0,0,0.0,,,1,1,7,0.136,0.646
Bolivia,1983,0.321,0.203,0.124,0.259,0.214,0.0,0.644,-0.15,0.143,0.0,0.562,0.468,0.377,0.533,0.729,0.725,0.498,0.851,0.584,0.392,0,0,0,0.0,,,1,0,7,1.074,0.385
Bolivia,1984,0.325,0.22,0.125,0.26,0.214,0.0,0.611,-0.15,0.143,0.0,0.562,0.612,0.388,0.533,0.674,0.713,0.498,0.878,0.584,0.392,0,0,1,0.0,,,1,0,7,1.674,0.385
Bolivia,1985,0.463,0.324,0.218,0.349,0.292,1.0,0.848,-0.15,0.071,0.0,0.562,0.529,0.443,0.533,0.674,0.72,0.585,0.651,0.567,0.188,0,0,0,0.0,,,1,0,9,0.048,0.385
Bolivia,1986,0.627,0.416,0.27,0.464,0.379,2.0,0.848,-0.15,0.071,0.0,0.562,0.529,0.448,0.496,0.686,0.712,0.612,0.619,0.563,-0.063,0,0,0,0.0,,,1,0,9,-0.083,0.385
Bolivia,1987,0.636,0.42,0.32,0.483,0.382,2.0,0.848,-0.15,0.071,0.0,0.562,0.529,0.474,0.496,0.615,0.695,0.612,0.719,0.563,-0.063,0,0,0,0.0,,,1,0,9,0.347,0.368
Bolivia,1988,0.638,0.425,0.325,0.485,0.383,2.0,0.848,-0.15,0.071,0.0,0.562,0.529,0.474,0.496,0.615,0.695,0.612,0.751,0.58,-0.063,0,0,0,0.0,,,1,0,9,0.8,0.368
Bolivia,1989,0.646,0.427,0.329,0.494,0.388,2.0,0.848,-0.15,0.071,0.0,0.562,0.529,0.474,0.496,0.615,0.695,0.605,0.788,0.58,-0.063,0,0,0,0.0,,,1,0,9,0.8,0.368
Bolivia,1990,0.652,0.432,0.339,0.497,0.399,2.0,0.848,-0.15,0.071,0.0,0.562,0.529,0.464,0.496,0.62,0.696,0.593,0.788,0.588,-0.063,0,0,0,0.0,,,1,0,9,0.8,0.368
Bolivia,1991,0.692,0.463,0.363,0.528,0.429,2.0,0.899,-0.15,0.071,0.0,0.562,0.529,0.464,0.496,0.62,0.696,0.593,0.854,0.588,-0.063,0,0,0,0.0,,,1,0,9,1.456,0.368
Bolivia,1992,0.707,0.47,0.37,0.539,0.434,2.0,0.899,-0.15,0.071,0.0,0.562,0.529,0.464,0.496,0.62,0.696,0.593,0.854,0.588,-0.063,0,0,0,0.0,,,1,0,9,1.456,0.368
Bolivia,1993,0.712,0.475,0.377,0.595,0.438,2.0,0.899,-0.15,0.071,0.0,0.562,0.529,0.468,0.496,0.62,0.696,0.589,0.775,0.571,-0.063,0,0,0,0.0,,,1,0,9,0.79,0.368
Bolivia,1994,0.726,0.487,0.42,0.631,0.468,2.0,0.899,-0.15,0.071,0.0,0.537,0.569,0.468,0.496,0.61,0.694,0.552,0.814,0.602,-0.063,0,0,0,0.0,,,1,0,9,0.79,0.402
Bolivia,1995,0.737,0.496,0.441,0.632,0.483,2.0,0.899,-0.15,0.071,0.0,0.537,0.569,0.468,0.496,0.61,0.694,0.552,0.885,0.602,-0.063,0,0,0,0.0,,,1,0,9,1.441,0.362
Bolivia,1996,0.737,0.496,0.441,0.632,0.486,2.0,0.899,-0.15,0.071,0.0,0.537,0.569,0.468,0.496,0.61,0.694,0.552,0.885,0.602,-0.063,0,0,0,0.0,,,1,0,9,1.441,0.362
Bolivia,1997,0.739,0.52,0.443,0.634,0.484,2.0,0.899,-0.15,0.071,0.0,0.537,0.679,0.464,0.496,0.61,0.716,0.555,0.853,0.59,-0.063,0,0,0,0.0,,,1,0,9,0.791,0.362
Bolivia,1998,0.738,0.521,0.442,0.594,0.48,2.0,0.899,-0.15,0.071,0.0,0.537,0.679,0.464,0.496,0.61,0.716,0.567,0.822,0.59,-0.063,0,0,0,0.0,,,1,0,9,0.791,0.362
Bolivia,1999,0.744,0.527,0.444,0.601,0.484,2.0,0.899,-0.15,0.071,0.0,0.537,0.679,0.464,0.496,0.61,0.716,0.567,0.852,0.59,-0.063,0,0,0,0.0,,,1,0,9,1.468,0.362
Bolivia,2000,0.744,0.529,0.453,0.587,0.495,2.0,0.899,-0.15,0.071,0.0,0.537,0.689,0.464,0.496,0.61,0.716,0.567,0.863,0.601,-0.063,0,0,0,0.0,,,1,0,9,1.468,0.545
Bolivia,2001,0.744,0.528,0.452,0.584,0.498,2.0,0.899,-0.15,0.071,0.0,0.537,0.689,0.464,0.496,0.61,0.716,0.567,0.834,0.601,-0.063,0,0,0,0.0,,,1,0,9,1.468,0.545
Bolivia,2002,0.727,0.513,0.444,0.591,0.466,2.0,0.899,-0.15,0.071,0.0,0.537,0.689,0.457,0.521,0.61,0.723,0.51,0.811,0.694,-0.063,0,0,0,0.0,,,1,0,9,0.347,0.562
Bolivia,2003,0.722,0.521,0.445,0.603,0.465,2.0,0.877,-0.15,0.071,0.333,0.537,0.753,0.469,0.497,0.61,0.717,0.481,0.872,0.677,-0.063,0,0,0,0.0,,,1,0,8,0.982,0.73
Bolivia,2004,0.753,0.543,0.519,0.661,0.49,2.0,0.889,-0.282,0.071,0.0,0.575,0.721,0.456,0.475,0.575,0.668,0.481,0.898,0.677,-0.063,0,0,0,0.0,,,1,0,8,1.66,0.479
Bolivia,2005,0.748,0.534,0.527,0.631,0.466,2.0,0.889,-0.282,0.1,0.0,0.559,0.729,0.455,0.473,0.59,0.671,0.366,0.871,0.759,-0.09,0,0,0,0.0,,,1,0,8,1.779,0.504
Bolivia,2006,0.721,0.464,0.56,0.561,0.486,2.0,0.889,-0.385,0.1,0.0,0.53,0.455,0.403,0.544,0.676,0.698,0.301,0.873,0.777,0.284,0,0,0,1.0,,,1,0,8,1.721,0.533
Bolivia,2007,0.719,0.462,0.561,0.557,0.483,2.0,0.889,-0.385,0.067,0.0,0.53,0.455,0.403,0.544,0.676,0.698,0.301,0.873,0.776,1.04,0,0,0,1.0,,,1,0,8,1.721,0.533
Bolivia,2008,0.716,0.456,0.559,0.562,0.48,2.0,0.889,-0.385,0.067,0.0,0.512,0.449,0.399,0.544,0.676,0.698,0.301,0.873,0.776,1.426,0,0,0,1.0,,,1,0,8,1.721,0.814
Bolivia,2009,0.712,0.437,0.577,0.552,0.49,2.0,0.889,-0.385,0.067,0.0,0.449,0.429,0.383,0.544,0.676,0.698,0.301,0.873,0.776,1.871,,0,0,1.0,,,1,0,7,1.721,0.103
Bolivia,2010,0.685,0.402,0.557,0.519,0.47,2.0,0.891,-0.385,0.062,0.0,0.369,0.42,0.367,0.537,0.683,0.724,0.297,0.861,0.776,1.871,,0,0,1.0,,,1,0,7,1.447,-0.187
Bolivia,2011,0.681,0.4,0.551,0.517,0.468,2.0,0.891,-0.385,0.062,0.0,0.369,0.42,0.367,0.537,0.683,0.724,0.297,0.829,0.776,1.871,,0,0,1.0,,,1,0,7,1.199,-0.187
Bolivia,2012,0.674,0.398,0.539,0.519,0.462,2.0,0.883,-0.385,0.062,0.0,0.373,0.42,0.354,0.537,0.683,0.724,0.297,0.817,0.776,1.871,,0,0,1.0,,,1,0,7,1.041,-0.187
Bolivia,2013,0.661,0.4,0.52,0.506,0.452,2.0,0.892,-0.385,0.083,0.0,0.418,0.435,0.407,0.461,0.645,0.696,0.296,0.769,0.694,1.871,,0,0,1.0,,,1,0,7,0.689,-0.187
Bolivia,2014,0.646,0.389,0.502,0.491,0.443,2.0,0.892,-0.385,0.083,0.0,0.418,0.435,0.401,0.461,0.65,0.696,0.302,0.769,0.691,1.871,,0,0,1.0,,,1,0,7,0.689,-0.187
Bolivia,2015,0.617,0.372,0.467,0.459,0.42,2.0,0.925,-0.385,0.1,0.0,0.412,0.422,0.405,0.429,0.67,0.662,0.337,0.742,0.683,1.871,,0,0,1.0,,,1,0,7,0.493,-0.187
Bolivia,2016,0.619,0.372,0.459,0.444,0.416,2.0,0.902,-0.385,0.1,0.0,0.417,0.422,0.406,0.429,0.672,0.664,0.304,0.723,0.682,1.871,,0,0,1.0,,,1,0,7,0.557,0.006
Bolivia,2017,0.615,0.366,0.457,0.426,0.417,2.0,0.926,-0.385,0.05,0.0,0.393,0.385,0.402,0.429,0.663,0.661,0.311,0.738,0.698,1.871,,0,0,1.0,,,1,0,7,0.718,-0.191
Bolivia,2018,0.598,0.345,0.442,0.419,0.404,2.0,0.926,-0.385,0.05,0.0,0.341,0.367,0.389,0.406,0.663,0.654,0.315,0.738,0.722,1.871,,0,0,1.0,,,1,0,7,0.718,-0.191
Bolivia,2019,0.481,0.254,0.353,0.323,0.307,1.0,0.791,-0.638,0.15,0.0,0.301,0.341,0.345,0.387,0.664,0.67,0.341,0.645,0.696,1.531,,0,0,0.0,,,1,0,,0.203,1.669
Bolivia,2020,0.331,0.23,0.263,0.211,0.223,1.0,0.83,-0.696,0.125,0.0,0.311,0.691,0.387,0.322,0.621,0.652,0.387,0.609,0.712,0.975,,0,0,1.0,,,1,0,,0.383,1.518
Bolivia,2021,0.614,0.366,0.435,0.419,0.401,2.0,0.839,-0.52,0.167,0.0,0.387,0.391,0.474,0.314,0.562,0.574,0.321,0.703,0.728,1.324,,0,0,1.0,,,,,,0.78,-0.001
Bolivia,2022,0.589,0.343,0.414,0.366,0.394,2.0,0.798,-0.881,0.2,0.0,0.276,0.458,0.376,0.496,0.702,0.671,0.285,0.677,0.654,1.534,,0,0,1.0,,,,,,0.551,0.421
Bolivia,2023,0.584,0.345,0.4,0.351,0.387,2.0,0.784,-0.881,0.3,0.0,0.321,0.489,0.352,0.496,0.702,0.604,0.327,0.679,0.636,1.347,,0,0,1.0,,,,,,0.583,0.185
Bolivia,2024,0.576,0.314,0.39,0.323,0.373,2.0,0.784,-0.881,0.3,0.0,0.275,0.358,0.332,0.496,0.728,0.655,0.352,0.636,0.6,1.55,,0,0,1.0,,,,,,0.029,0.671
Brazil,1960,0.408,0.274,0.24,0.288,0.177,1.0,0.488,0.238,0.438,0.333,0.55,0.614,0.413,0.536,0.648,0.719,0.646,0.611,0.309,0.348,0,0,0,1.0,,,0,0,6,0.347,1.3
Brazil,1961,0.407,0.273,0.24,0.287,0.179,1.0,0.488,0.238,0.438,0.333,0.55,0.627,0.413,0.536,0.648,0.719,0.575,0.611,0.309,0.348,0,0,0,1.0,,,0,0,5,0.347,1.3
Brazil,1962,0.407,0.275,0.239,0.296,0.179,1.0,0.488,0.238,0.438,0.333,0.55,0.627,0.413,0.536,0.648,0.719,0.574,0.611,0.309,0.348,0,0,0,1.0,,,0,0,5,0.347,1.3
Brazil,1963,0.403,0.274,0.25,0.293,0.177,1.0,0.488,0.238,0.438,0.333,0.55,0.627,0.413,0.536,0.648,0.719,0.573,0.597,0.309,0.348,0,0,1,1.0,,,0,0,3,0.282,1.3
Brazil,1964,0.21,0.132,0.129,0.077,0.111,1.0,0.131,0.238,0.875,0.333,0.404,0.417,0.288,0.514,0.638,0.693,0.605,0.259,0.439,-0.751,1,2,2,0.0,,,1,-1,-3,-1.392,2.078
Brazil,1965,0.147,0.067,0.112,0.061,0.098,0.0,0.023,0.238,0.875,0.0,0.315,0.097,0.229,0.514,0.626,0.696,0.605,0.2,0.511,-0.751,0,0,0,0.0,,,1,0,-9,-1.767,2.078
Brazil,1966,0.144,0.067,0.112,0.059,0.098,0.0,0.023,0.238,0.812,0.0,0.315,0.097,0.229,0.514,0.626,0.696,0.552,0.2,0.743,-0.751,0,0,0,0.0,,,1,0,-9,-1.767,2.078
Brazil,1967,0.181,0.074,0.122,0.053,0.106,0.0,0.023,0.238,0.812,0.0,0.28,0.124,0.217,0.514,0.626,0.696,0.579,0.2,0.861,-0.751,0,0,0,0.0,,,1,0,-9,-1.767,2.078
Brazil,1968,0.18,0.069,0.121,0.052,0.105,0.0,0.023,0.238,0.812,0.0,0.242,0.124,0.205,0.514,0.626,0.696,0.579,0.183,0.861,-0.751,0,0,0,0.0,,,1,0,-9,-1.767,2.078
Brazil,1969,0.173,0.067,0.12,0.05,0.104,0.0,0.023,0.238,0.812,0.0,0.23,0.124,0.201,0.514,0.626,0.696,0.579,0.183,0.861,-0.751,1,1,1,0.0,,,1,0,-9,-1.767,2.078
Brazil,1970,0.177,0.068,0.121,0.058,0.105,0.0,0.023,0.238,0.812,0.0,0.23,0.124,0.201,0.514,0.626,0.696,0.578,0.183,0.861,-0.751,0,0,0,0.0,,,1,0,-9,-1.767,3.187
Brazil,1971,0.174,0.068,0.12,0.058,0.105,0.0,0.023,0.238,0.812,0.0,0.23,0.124,0.201,0.514,0.626,0.696,0.574,0.183,0.861,-0.751,0,0,0,0.0,,,1,0,-9,-1.767,3.187
Brazil,1972,0.174,0.068,0.12,0.058,0.105,0.0,0.023,0.238,0.812,0.0,0.23,0.124,0.201,0.514,0.626,0.696,0.574,0.183,0.861,-0.751,0,0,0,0.0,,,1,0,-9,-1.767,3.187
Brazil,1973,0.174,0.068,0.12,0.058,0.105,0.0,0.023,0.238,0.812,0.0,0.23,0.124,0.201,0.514,0.626,0.696,0.574,0.183,0.861,-0.751,0,0,0,0.0,,,1,0,-9,-1.767,3.187
Brazil,1974,0.175,0.066,0.131,0.058,0.105,0.0,0.023,0.238,0.812,0.0,0.209,0.124,0.2,0.514,0.626,0.696,0.574,0.261,0.861,-0.751,0,0,0,0.0,,,1,0,-4,-1.432,3.187
Brazil,1975,0.185,0.068,0.139,0.08,0.111,0.0,0.023,0.238,0.812,0.0,0.209,0.124,0.2,0.514,0.626,0.696,0.58,0.276,0.861,-0.751,0,0,0,0.0,,,1,0,-4,-1.432,3.187
Brazil,1976,0.187,0.07,0.14,0.08,0.111,0.0,0.047,0.238,0.812,0.0,0.209,0.124,0.2,0.514,0.626,0.696,0.58,0.276,0.861,-0.751,0,0,0,0.0,,,1,0,-4,-1.432,3.187
Brazil,1977,0.188,0.07,0.14,0.08,0.111,0.0,0.047,0.238,0.812,0.0,0.209,0.124,0.2,0.514,0.626,0.696,0.58,0.286,0.847,-0.751,0,0,0,0.0,,,1,0,-4,-1.312,3.187
Brazil,1978,0.188,0.074,0.141,0.081,0.112,0.0,0.075,0.238,0.812,0.0,0.209,0.135,0.2,0.514,0.626,0.696,0.58,0.29,0.847,-0.751,0,0,0,0.0,,,1,0,-4,-1.312,3.187
Brazil,1979,0.205,0.09,0.146,0.091,0.116,0.0,0.214,0.238,0.812,0.0,0.209,0.172,0.204,0.514,0.626,0.696,0.58,0.29,0.834,-0.751,0,0,0,0.0,,,1,0,-4,-1.312,3.187
Brazil,1980,0.254,0.119,0.167,0.113,0.13,0.0,0.214,0.238,0.812,0.0,0.35,0.199,0.25,0.514,0.626,0.696,0.509,0.331,0.592,-0.751,0,0,0,0.0,,,1,0,-4,-1.113,2.088
Brazil,1981,0.254,0.119,0.167,0.113,0.13,0.0,0.214,0.238,0.812,0.0,0.35,0.199,0.25,0.514,0.626,0.696,0.509,0.331,0.592,-0.751,0,0,0,0.0,,,1,0,-4,-1.113,2.088
Brazil,1982,0.263,0.135,0.174,0.116,0.132,0.0,0.214,0.238,0.812,0.333,0.35,0.328,0.25,0.514,0.626,0.696,0.508,0.339,0.581,-0.751,0,0,0,0.0,,,1,0,-3,-1.113,2.088
Brazil,1983,0.284,0.146,0.182,0.122,0.138,0.0,0.214,0.238,0.812,0.333,0.35,0.381,0.25,0.514,0.626,0.696,0.502,0.367,0.572,-0.751,0,0,0,0.0,,,1,0,-3,-1.113,2.088
Brazil,1984,0.291,0.148,0.189,0.124,0.141,0.0,0.214,0.238,0.812,0.333,0.35,0.381,0.25,0.514,0.626,0.696,0.502,0.421,0.58,-0.751,0,0,0,0.0,,,1,0,-3,-1.113,2.088
Brazil,1985,0.396,0.229,0.254,0.218,0.197,1.0,0.328,0.238,0.312,0.333,0.411,0.547,0.325,0.514,0.629,0.687,0.525,0.571,0.569,-0.751,0,0,0,0.0,,,1,1,7,-0.058,2.088
Brazil,1986,0.478,0.317,0.305,0.349,0.251,1.0,0.583,0.238,0.25,0.333,0.518,0.64,0.434,0.514,0.593,0.676,0.544,0.736,0.598,-0.192,0,0,0,0.0,,,1,0,7,0.303,2.088
Brazil,1987,0.569,0.377,0.358,0.403,0.295,2.0,0.612,0.238,0.25,0.333,0.518,0.66,0.434,0.514,0.593,0.676,0.532,0.767,0.592,-0.192,0,0,0,0.0,,,1,0,7,0.612,2.088
Brazil,1988,0.685,0.536,0.45,0.508,0.432,2.0,0.612,0.674,0.188,0.333,0.821,0.717,0.605,0.497,0.619,0.664,0.518,0.868,0.608,0.587,0,0,0,0.0,,,1,0,8,1.944,1.139
Brazil,1989,0.728,0.584,0.48,0.54,0.467,2.0,0.612,0.674,0.188,0.333,0.821,0.748,0.625,0.497,0.659,0.673,0.517,0.911,0.616,0.587,0,0,0,0.0,,,1,0,8,2.185,1.139
Brazil,1990,0.814,0.682,0.545,0.609,0.537,2.0,0.612,0.674,0.143,0.0,0.821,0.857,0.645,0.452,0.651,0.608,0.506,0.941,0.63,1.012,0,0,0,1.0,,,1,0,8,3.229,1.139
Brazil,1991,0.829,0.699,0.557,0.622,0.546,2.0,0.612,0.674,0.125,0.333,0.821,0.857,0.654,0.452,0.651,0.608,0.495,0.941,0.63,1.012,0,0,0,1.0,,,1,0,8,3.229,0.61
Brazil,1992,0.839,0.708,0.565,0.685,0.551,2.0,0.612,0.674,0.125,0.333,0.821,0.857,0.654,0.452,0.651,0.608,0.456,0.941,0.636,1.012,0,0,0,1.0,,,1,0,8,3.229,0.61
Brazil,1993,0.842,0.705,0.566,0.696,0.554,2.0,0.612,0.674,0.125,0.333,0.819,0.843,0.687,0.386,0.549,0.567,0.456,0.941,0.636,1.012,0,0,0,1.0,,,1,0,8,3.229,0.191
Brazil,1994,0.847,0.705,0.57,0.709,0.556,2.0,0.612,0.674,0.125,0.333,0.819,0.827,0.708,0.32,0.498,0.511,0.456,0.941,0.658,1.012,0,0,0,1.0,,,1,0,8,3.229,0.191
Brazil,1995,0.848,0.712,0.572,0.721,0.566,2.0,0.612,0.674,0.062,0.333,0.819,0.827,0.716,0.323,0.498,0.512,0.424,0.941,0.683,1.012,0,0,0,1.0,,,1,0,8,3.229,0.191
Brazil,1996,0.85,0.711,0.586,0.718,0.568,2.0,0.612,0.674,0.062,0.333,0.819,0.827,0.716,0.308,0.498,0.51,0.424,0.941,0.683,1.012,0,0,0,1.0,,,1,0,8,3.229,0.191
Brazil,1997,0.85,0.711,0.586,0.718,0.568,2.0,0.612,0.674,0.062,0.333,0.819,0.827,0.719,0.296,0.498,0.506,0.424,0.941,0.683,1.012,0,0,0,1.0,,,1,0,8,3.229,0.191
Brazil,1998,0.851,0.712,0.591,0.72,0.572,2.0,0.612,0.674,0.062,0.333,0.819,0.827,0.719,0.296,0.498,0.506,0.42,0.948,0.683,1.012,0,0,0,1.0,,,1,0,8,3.229,0.191
Brazil,1999,0.854,0.714,0.593,0.724,0.581,2.0,0.612,0.674,0.062,0.333,0.819,0.827,0.719,0.296,0.498,0.506,0.409,0.948,0.683,1.012,0,0,0,1.0,,,1,0,8,3.229,0.191
Brazil,2000,0.857,0.717,0.594,0.727,0.583,2.0,0.612,0.674,0.062,0.333,0.819,0.827,0.731,0.296,0.498,0.506,0.409,0.948,0.683,1.012,0,0,0,1.0,,,1,0,8,3.229,0.191
Brazil,2001,0.857,0.717,0.594,0.727,0.583,2.0,0.612,0.674,0.062,0.333,0.819,0.827,0.731,0.296,0.498,0.506,0.409,0.948,0.683,1.012,0,0,0,1.0,,,1,0,8,3.229,0.191
Brazil,2002,0.858,0.72,0.596,0.786,0.599,2.0,0.641,0.674,0.062,0.667,0.819,0.827,0.731,0.296,0.538,0.548,0.327,0.948,0.695,1.012,0,0,0,1.0,,,1,0,8,3.229,0.191
Brazil,2003,0.856,0.724,0.608,0.782,0.609,2.0,0.641,0.674,0.062,0.667,0.819,0.851,0.731,0.296,0.538,0.548,0.332,0.948,0.695,-0.966,0,0,0,1.0,,,1,0,8,3.229,-0.249
Brazil,2004,0.856,0.724,0.608,0.782,0.611,2.0,0.641,0.674,0.062,0.667,0.819,0.851,0.731,0.296,0.538,0.548,0.332,0.948,0.695,-0.966,0,0,0,1.0,,,1,0,8,3.229,-0.249
Brazil,2005,0.873,0.78,0.658,0.812,0.619,2.0,0.727,0.674,0.19,0.667,0.928,0.898,0.8,0.296,0.581,0.496,0.332,0.948,0.695,-0.966,0,0,0,1.0,,,1,0,8,3.229,-0.249
Brazil,2006,0.874,0.778,0.658,0.812,0.62,2.0,0.727,0.674,0.19,0.667,0.928,0.892,0.796,0.296,0.581,0.495,0.326,0.948,0.695,-0.966,0,0,0,1.0,,,1,0,8,3.229,-0.249
Brazil,2007,0.869,0.773,0.654,0.807,0.618,2.0,0.727,0.674,0.19,0.667,0.928,0.892,0.796,0.296,0.581,0.495,0.311,0.948,0.695,-0.966,0,0,0,1.0,,,1,0,8,3.229,-0.249
Brazil,2008,0.869,0.773,0.652,0.807,0.618,2.0,0.727,0.674,0.19,0.667,0.928,0.892,0.796,0.296,0.581,0.495,0.311,0.948,0.695,-0.966,0,0,0,1.0,,,1,0,8,3.229,-0.249
Brazil,2009,0.869,0.773,0.652,0.807,0.62,2.0,0.727,0.674,0.19,0.667,0.928,0.892,0.796,0.296,0.581,0.495,0.311,0.948,0.695,-0.966,,0,0,1.0,,,1,0,8,3.229,-0.249
Brazil,2010,0.872,0.778,0.649,0.81,0.626,2.0,0.727,0.674,0.19,0.667,0.934,0.902,0.801,0.296,0.581,0.495,0.312,0.952,0.696,-0.966,,0,0,1.0,,,1,0,8,3.229,-0.185
Brazil,2011,0.876,0.786,0.648,0.813,0.632,2.0,0.727,0.674,0.19,0.667,0.934,0.909,0.801,0.296,0.578,0.494,0.315,0.95,0.696,-0.966,,0,0,1.0,,,1,0,8,3.229,0.134
Brazil,2012,0.872,0.782,0.637,0.807,0.631,2.0,0.727,0.674,0.19,0.667,0.93,0.909,0.8,0.296,0.578,0.494,0.315,0.939,0.696,-0.966,,0,0,1.0,,,1,0,8,2.782,0.134
Brazil,2013,0.876,0.786,0.636,0.815,0.622,2.0,0.727,0.674,0.222,0.667,0.93,0.923,0.797,0.296,0.578,0.494,0.321,0.939,0.707,-0.966,,0,0,1.0,,,1,0,8,2.782,0.389
Brazil,2014,0.877,0.784,0.633,0.814,0.621,2.0,0.727,0.674,0.222,0.667,0.924,0.923,0.797,0.296,0.578,0.507,0.329,0.939,0.707,-0.966,,0,0,1.0,,,1,0,8,2.782,0.647
Brazil,2015,0.863,0.772,0.616,0.795,0.609,2.0,0.727,0.674,0.222,0.667,0.922,0.927,0.794,0.296,0.578,0.507,0.319,0.939,0.698,-0.966,,0,0,1.0,,,1,0,8,2.782,0.732
Brazil,2016,0.782,0.662,0.524,0.588,0.494,2.0,0.731,0.607,0.222,0.667,0.878,0.844,0.736,0.294,0.635,0.535,0.408,0.855,0.707,-1.028,,0,0,1.0,,,1,0,8,2.043,1.041
Brazil,2017,0.778,0.647,0.505,0.588,0.478,2.0,0.704,0.508,0.235,0.667,0.89,0.789,0.728,0.294,0.638,0.535,0.37,0.844,0.725,-1.028,,0,0,1.0,,,1,0,8,1.765,1.641
Brazil,2018,0.753,0.617,0.487,0.541,0.456,2.0,0.641,0.508,0.267,0.667,0.866,0.789,0.71,0.294,0.638,0.535,0.37,0.817,0.716,-1.028,,0,0,1.0,,,1,0,8,1.377,2.206
Brazil,2019,0.698,0.543,0.442,0.491,0.398,2.0,0.496,0.552,0.233,0.667,0.817,0.799,0.638,0.317,0.706,0.547,0.363,0.802,0.727,-0.796,,0,0,1.0,,,1,0,,1.121,2.657
Brazil,2020,0.699,0.54,0.448,0.496,0.4,2.0,0.461,0.552,0.2,0.667,0.82,0.788,0.644,0.317,0.694,0.536,0.366,0.847,0.73,-0.718,,0,0,1.0,,,1,0,,1.299,2.843
Brazil,2021,0.688,0.532,0.437,0.511,0.396,2.0,0.442,0.457,0.2,0.667,0.837,0.791,0.642,0.334,0.736,0.539,0.406,0.837,0.698,-0.671,,0,0,1.0,,,,,,1.1,2.843
Brazil,2022,0.699,0.545,0.449,0.526,0.406,2.0,0.442,0.556,0.214,0.667,0.837,0.819,0.632,0.325,0.755,0.543,0.411,0.837,0.674,-0.671,,0,0,1.0,,,,,,1.1,2.65
Brazil,2023,0.789,0.698,0.547,0.721,0.529,2.0,0.757,0.65,0.214,0.333,0.92,0.943,0.805,0.237,0.565,0.46,0.389,0.935,0.677,-0.903,,0,0,1.0,,,,,,2.773,1.934
Brazil,2024,0.801,0.712,0.548,0.738,0.545,2.0,0.757,0.65,0.208,0.333,0.959,0.936,0.845,0.237,0.472,0.436,0.389,0.935,0.691,-0.903,,0,0,1.0,,,,,,2.773,1.934
Chile,1960,0.538,0.396,0.268,0.375,0.219,2.0,0.857,0.202,0.0,0.0,0.651,0.698,0.855,0.134,0.029,0.069,0.384,0.622,0.857,-2.512,0,0,0,1.0,,,1,0,5,0.552,0.464
Chile,1961,0.548,0.402,0.272,0.38,0.232,2.0,0.857,0.202,0.0,0.0,0.651,0.698,0.855,0.134,0.029,0.069,0.372,0.622,0.857,-2.512,0,0,0,1.0,,,1,0,5,0.552,0.464
Chile,1962,0.549,0.403,0.273,0.385,0.233,2.0,0.857,0.202,0.0,0.0,0.651,0.698,0.855,0.134,0.029,0.069,0.369,0.622,0.857,-2.512,0,0,0,1.0,,,1,0,5,0.552,0.464
Chile,1963,0.557,0.408,0.278,0.386,0.238,2.0,0.857,0.202,0.0,0.0,0.651,0.698,0.866,0.093,0.029,0.059,0.339,0.622,0.857,-2.512,0,0,0,1.0,,,1,0,5,0.552,0.464
Chile,1964,0.583,0.431,0.313,0.47,0.262,2.0,0.885,0.202,0.0,0.0,0.651,0.698,0.87,0.093,0.029,0.059,0.338,0.761,0.857,-2.512,0,0,0,1.0,,,1,0,6,2.088,0.464
Chile,1965,0.586,0.434,0.324,0.491,0.275,2.0,0.885,0.202,0.0,0.0,0.651,0.698,0.869,0.093,0.029,0.059,0.33,0.785,0.857,-2.512,0,0,0,1.0,,,1,0,6,2.088,0.464
Chile,1966,0.586,0.433,0.324,0.487,0.275,2.0,0.885,0.202,0.0,0.0,0.651,0.698,0.869,0.093,0.029,0.059,0.33,0.785,0.857,-2.512,0,0,0,1.0,,,1,0,6,2.088,0.464
Chile,1967,0.586,0.436,0.324,0.492,0.275,2.0,0.885,0.202,0.0,0.0,0.651,0.698,0.869,0.093,0.029,0.059,0.33,0.785,0.857,-2.512,0,0,0,1.0,,,1,0,6,2.088,0.709
Chile,1968,0.586,0.442,0.324,0.491,0.275,2.0,0.885,0.202,0.125,0.0,0.651,0.739,0.869,0.093,0.029,0.059,0.33,0.785,0.857,-2.512,0,0,0,1.0,,,1,0,6,2.088,0.709
Chile,1969,0.588,0.441,0.325,0.493,0.278,2.0,0.854,0.202,0.125,0.0,0.651,0.739,0.869,0.093,0.029,0.059,0.332,0.785,0.857,-2.512,0,0,0,1.0,,,1,0,6,2.088,0.879
Chile,1970,0.604,0.458,0.335,0.495,0.323,2.0,0.817,0.202,0.125,0.0,0.615,0.841,0.841,0.133,0.029,0.069,0.342,0.785,0.857,-0.583,0,0,0,1.0,,,1,0,6,2.088,2.989
Chile,1971,0.701,0.531,0.394,0.566,0.379,2.0,0.817,0.202,0.25,0.0,0.615,0.841,0.841,0.133,0.029,0.069,0.361,0.785,0.857,-0.583,0,0,0,1.0,,,1,0,6,2.088,2.989
Chile,1972,0.689,0.521,0.386,0.541,0.367,2.0,0.817,0.202,0.25,0.0,0.615,0.841,0.841,0.133,0.029,0.069,0.361,0.785,0.857,-0.583,0,0,0,1.0,,,1,0,6,2.088,2.989
Chile,1973,0.311,0.193,0.111,0.15,0.143,1.0,0.061,0.202,0.8,0.0,0.532,0.841,0.603,0.181,0.186,0.119,0.29,0.317,0.826,-0.76,1,1,2,0.0,,,2,-1,-7,-0.568,2.989
Chile,1974,0.071,0.034,0.019,0.016,0.037,0.0,0.018,0.202,0.625,0.0,0.217,,0.296,0.222,0.496,0.294,0.345,0.035,,-0.718,0,0,0,0.0,,,2,0,-7,-2.871,1.924
Chile,1975,0.071,0.034,0.019,0.014,0.037,0.0,0.018,0.202,0.625,0.0,0.217,,0.303,0.222,0.459,0.282,0.345,0.035,,-0.718,0,0,0,0.0,,,2,0,-7,-2.871,1.924
Chile,1976,0.071,0.034,0.019,0.014,0.037,0.0,0.018,0.202,0.625,0.0,0.217,,0.303,0.222,0.459,0.282,0.345,0.035,,-0.718,0,0,0,0.0,,,2,0,-7,-2.871,1.924
Chile,1977,0.072,0.034,0.019,0.014,0.037,0.0,0.018,0.202,0.625,0.0,0.217,,0.303,0.222,0.459,0.282,0.345,0.062,,-0.718,0,0,0,0.0,,,2,0,-7,-2.871,2.306
Chile,1978,0.072,0.034,0.028,0.019,0.037,0.0,0.018,0.202,0.625,0.0,0.217,,0.303,0.222,0.459,0.282,0.345,0.033,,-0.718,0,0,0,0.0,,,2,0,-7,-2.871,2.306
Chile,1979,0.073,0.034,0.019,0.018,0.038,0.0,0.018,0.202,0.625,0.0,0.217,,0.303,0.222,0.459,0.282,0.345,0.061,,-0.718,0,0,0,0.0,,,2,0,-7,-2.871,2.306
Chile,1980,0.074,0.043,0.032,0.022,0.035,0.0,0.03,0.202,0.625,0.0,0.304,,0.379,0.222,0.459,0.282,0.345,0.072,,-0.718,0,0,0,0.0,,,2,0,-7,-2.871,1.585
Chile,1981,0.075,0.044,0.033,0.02,0.04,0.0,0.03,0.202,0.625,0.0,0.304,,0.379,0.222,0.459,0.282,0.345,0.072,,-0.718,0,0,0,0.0,,,2,0,-7,-2.871,1.585
Chile,1982,0.075,0.045,0.033,0.025,0.04,0.0,0.041,0.202,0.625,0.0,0.304,,0.386,0.222,0.459,0.282,0.345,0.072,,-0.718,0,0,0,0.0,,,2,0,-7,-2.871,1.585
Chile,1983,0.075,0.047,0.033,0.033,0.04,0.0,0.041,0.202,0.625,0.0,0.304,,0.386,0.222,0.459,0.282,0.345,0.072,,-0.718,0,0,0,0.0,,,2,0,-6,-2.871,1.585
Chile,1984,0.075,0.047,0.033,0.029,0.04,0.0,0.041,0.202,0.625,0.0,0.304,,0.386,0.222,0.459,0.282,0.345,0.072,,-0.718,0,0,0,0.0,,,2,0,-6,-2.871,1.585
Chile,1985,0.077,0.05,0.032,0.029,0.04,0.0,0.041,0.202,0.625,0.0,0.322,,0.393,0.222,0.459,0.282,0.345,0.105,,-0.718,0,0,0,0.0,,,2,0,-6,-2.381,1.585
Chile,1986,0.077,0.05,0.031,0.035,0.04,0.0,0.041,0.202,0.625,0.0,0.322,,0.393,0.222,0.459,0.282,0.345,0.105,,-0.718,0,0,0,0.0,,,2,0,-6,-2.381,1.585
Chile,1987,0.08,0.054,0.031,0.036,0.04,0.0,0.122,0.202,0.625,0.0,0.322,,0.393,0.222,0.459,0.282,0.345,0.131,,-0.718,0,0,0,0.0,,,2,0,-6,-2.381,1.585
Chile,1988,0.112,0.062,0.034,0.045,0.046,0.0,0.22,0.202,0.625,0.0,0.322,,0.393,0.222,0.459,0.282,0.345,0.173,,-0.718,0,0,0,0.0,,,2,0,-1,-1.456,1.201
Chile,1989,0.133,0.075,0.038,0.071,0.052,1.0,0.389,0.202,0.625,0.0,0.275,,0.439,0.222,0.459,0.282,0.253,0.176,,-0.718,0,0,0,0.0,,,2,0,8,-1.331,1.201
Chile,1990,0.723,0.633,0.376,0.617,0.433,2.0,0.855,1.304,0.2,0.0,0.917,0.94,0.942,0.068,0.026,0.067,0.213,0.94,0.947,-2.316,0,0,0,1.0,,,2,1,8,2.985,-0.884
Chile,1991,0.819,0.752,0.423,0.712,0.529,2.0,0.94,1.304,0.2,0.0,0.943,0.94,0.958,0.068,0.026,0.061,0.213,0.94,0.947,-2.316,0,0,0,1.0,,,2,0,8,2.985,-0.884
Chile,1992,0.819,0.752,0.519,0.712,0.529,2.0,0.94,1.304,0.2,0.0,0.943,0.94,0.958,0.068,0.026,0.061,0.213,0.94,0.947,-2.316,0,0,0,1.0,,,2,0,8,2.985,-0.884
Chile,1993,0.814,0.747,0.514,0.705,0.526,2.0,0.94,1.304,0.1,0.0,0.943,0.94,0.958,0.068,0.026,0.061,0.209,0.94,0.947,-2.316,0,0,0,1.0,,,2,0,8,2.985,-1.041
Chile,1994,0.853,0.786,0.54,0.746,0.554,2.0,0.94,1.304,0.1,0.0,0.943,0.94,0.958,0.068,0.026,0.061,0.139,0.94,0.947,-2.316,0,0,0,1.0,,,2,0,8,2.985,-1.079
Chile,1995,0.853,0.786,0.538,0.76,0.554,2.0,0.94,1.304,0.1,0.0,0.943,0.94,0.958,0.068,0.026,0.061,0.139,0.94,0.947,-2.316,0,0,0,1.0,,,2,0,8,2.985,-1.079
Chile,1996,0.853,0.786,0.559,0.761,0.554,3.0,0.94,1.304,0.1,0.0,0.943,0.94,0.96,0.068,0.026,0.061,0.139,0.952,0.947,-2.316,0,0,0,1.0,,,2,0,8,2.985,-1.079
Chile,1997,0.853,0.786,0.559,0.761,0.554,3.0,0.94,1.304,0.1,0.0,0.943,0.94,0.96,0.068,0.026,0.061,0.139,0.952,0.947,-2.316,0,0,0,1.0,,,2,0,8,2.985,-1.079
Chile,1998,0.853,0.787,0.555,0.771,0.555,3.0,0.94,1.304,0.0,0.0,0.943,0.94,0.96,0.068,0.026,0.061,0.148,0.952,0.947,-2.316,0,0,0,1.0,,,2,0,8,2.985,-1.079
Chile,1999,0.851,0.786,0.552,0.768,0.554,3.0,0.94,1.304,0.0,0.0,0.943,0.94,0.96,0.068,0.026,0.061,0.148,0.952,0.947,-2.316,0,0,0,1.0,,,2,0,8,2.985,-1.079
Chile,2000,0.879,0.815,0.579,0.8,0.623,3.0,0.925,1.304,0.0,0.0,0.943,0.94,0.96,0.068,0.026,0.061,0.142,0.952,0.947,-2.316,0,0,0,1.0,,,2,0,9,2.985,-1.079
Chile,2001,0.879,0.815,0.579,0.8,0.623,3.0,0.925,1.304,0.0,0.0,0.943,0.94,0.96,0.068,0.026,0.061,0.142,0.952,0.947,-2.316,0,0,0,1.0,,,2,0,9,2.985,-1.079
Chile,2002,0.879,0.815,0.577,0.805,0.624,3.0,0.925,1.304,0.0,0.0,0.943,0.94,0.96,0.068,0.026,0.061,0.143,0.952,0.947,-2.316,0,0,0,1.0,,,2,0,9,2.985,-1.079
Chile,2003,0.879,0.815,0.577,0.798,0.624,3.0,0.925,1.304,0.0,0.0,0.943,0.94,0.96,0.068,0.026,0.061,0.143,0.952,0.947,-2.316,0,0,0,1.0,,,2,0,9,2.985,-1.079
Chile,2004,0.879,0.815,0.577,0.805,0.624,3.0,0.925,1.304,0.0,0.0,0.943,0.94,0.96,0.068,0.026,0.061,0.143,0.952,0.947,-2.316,0,0,0,1.0,,,2,0,9,2.985,-1.079
Chile,2005,0.877,0.822,0.574,0.804,0.638,3.0,0.925,1.304,0.0,0.0,0.943,0.97,0.96,0.068,0.026,0.061,0.143,0.952,0.947,-2.316,0,0,0,1.0,,,2,0,9,2.985,-1.079
Chile,2006,0.893,0.839,0.594,0.825,0.653,3.0,0.925,1.547,0.0,0.0,0.943,0.975,0.96,0.068,0.026,0.061,0.118,0.952,0.946,-2.316,0,0,0,1.0,,,2,0,10,2.985,-1.079
Chile,2007,0.893,0.842,0.594,0.825,0.653,3.0,0.925,1.547,0.0,0.0,0.943,0.982,0.96,0.068,0.026,0.061,0.117,0.952,0.946,-2.316,0,0,0,1.0,,,2,0,10,2.985,-1.079
Chile,2008,0.893,0.841,0.594,0.825,0.653,3.0,0.925,1.547,0.0,0.0,0.943,0.982,0.961,0.068,0.026,0.061,0.117,0.952,0.946,-2.316,0,0,0,1.0,,,2,0,10,2.985,-1.079
Chile,2009,0.887,0.835,0.589,0.819,0.649,3.0,0.925,1.547,0.0,0.0,0.943,0.982,0.961,0.068,0.026,0.061,0.118,0.952,0.946,-2.316,,0,0,1.0,,,2,0,10,2.985,-1.079
Chile,2010,0.887,0.838,0.576,0.791,0.666,3.0,0.925,1.547,0.0,0.0,0.947,0.982,0.961,0.083,0.04,0.068,0.117,0.952,0.936,-2.316,,0,0,1.0,,,2,0,10,2.985,-1.079
Chile,2011,0.89,0.84,0.578,0.806,0.674,3.0,0.925,1.547,0.0,0.0,0.947,0.982,0.961,0.083,0.04,0.068,0.116,0.945,0.936,-2.316,,0,0,1.0,,,2,0,10,2.767,-1.079
Chile,2012,0.894,0.846,0.581,0.807,0.681,3.0,0.925,1.547,0.0,0.0,0.953,0.982,0.961,0.083,0.04,0.068,0.108,0.945,0.936,-2.316,,0,0,1.0,,,2,0,10,2.767,-1.079
Chile,2013,0.894,0.848,0.581,0.799,0.683,3.0,0.97,1.547,0.0,0.0,0.969,0.969,0.958,0.097,0.057,0.076,0.12,0.943,0.936,-2.316,,0,0,1.0,,,2,0,10,2.421,-1.079
Chile,2014,0.894,0.849,0.592,0.822,0.687,3.0,0.965,1.547,0.0,0.0,0.968,0.975,0.958,0.09,0.066,0.076,0.138,0.943,0.936,-2.316,,0,0,1.0,,,2,0,10,2.421,-1.079
Chile,2015,0.888,0.84,0.587,0.82,0.678,3.0,0.946,1.547,0.0,0.0,0.964,0.977,0.95,0.1,0.093,0.085,0.138,0.936,0.933,-2.316,,0,0,1.0,,,2,0,10,2.714,-1.079
Chile,2016,0.888,0.84,0.592,0.82,0.676,3.0,0.946,1.547,0.0,0.0,0.964,0.977,0.95,0.1,0.093,0.085,0.134,0.936,0.933,-2.316,,0,0,1.0,,,2,0,10,2.714,-1.079
Chile,2017,0.891,0.842,0.592,0.809,0.684,3.0,0.946,1.547,0.0,0.0,0.964,0.978,0.95,0.1,0.093,0.074,0.126,0.936,0.948,-2.316,,0,0,1.0,,,2,0,10,2.714,-1.079
Chile,2018,0.871,0.805,0.576,0.781,0.656,2.0,0.873,1.547,0.0,0.0,0.905,0.978,0.946,0.076,0.044,0.057,0.091,0.907,0.938,-2.316,,0,0,1.0,,,2,0,10,1.814,-1.079
Chile,2019,0.829,0.763,0.56,0.747,0.624,2.0,0.795,1.547,0.0,0.0,0.916,0.984,0.941,0.085,0.04,0.056,0.091,0.888,0.952,-2.316,,0,0,1.0,,,2,0,,1.4,0.797
Chile,2020,0.835,0.765,0.596,0.735,0.612,2.0,0.831,1.547,0.0,0.0,0.932,0.982,0.945,0.085,0.04,0.056,0.088,0.878,0.958,-2.316,,0,0,1.0,,,2,0,,1.673,0.581
Chile,2021,0.839,0.777,0.592,0.771,0.626,3.0,0.9,1.547,0.0,0.0,0.948,0.982,0.95,0.074,0.044,0.067,0.099,0.849,0.947,-2.148,,0,0,1.0,,,,,,2.162,0.409
Chile,2022,0.838,0.779,0.592,0.773,0.617,3.0,0.931,1.547,0.0,0.0,0.944,0.978,0.953,0.058,0.044,0.063,0.082,0.829,0.921,-1.684,,0,0,1.0,,,,,,1.839,-0.218
Chile,2023,0.837,0.781,0.596,0.773,0.631,3.0,0.931,1.547,0.0,0.0,0.944,0.98,0.953,0.076,0.044,0.068,0.085,0.85,0.929,-1.684,,0,0,1.0,,,,,,2.076,-1.147
Chile,2024,0.844,0.787,0.594,0.777,0.641,3.0,0.931,1.547,0.0,0.0,0.944,0.98,0.945,0.137,0.044,0.084,0.087,0.839,0.929,-1.204,,0,0,1.0,,,,,,2.076,-1.014
Colombia,1960,0.349,0.248,0.13,0.146,0.112,1.0,0.474,-0.95,0.0,0.333,0.522,0.705,0.522,0.417,0.452,0.488,0.671,0.268,0.606,-1.338,0,0,0,1.0,,,1,0,7,-0.509,1.538
Colombia,1961,0.353,0.251,0.131,0.147,0.112,1.0,0.474,-0.95,0.0,0.333,0.522,0.705,0.522,0.417,0.452,0.488,0.671,0.268,0.606,-1.338,0,0,1,1.0,,,1,0,7,-0.509,1.538
Colombia,1962,0.356,0.252,0.132,0.143,0.114,1.0,0.474,-0.95,0.0,0.333,0.522,0.705,0.522,0.417,0.452,0.488,0.663,0.268,0.606,-1.338,0,0,0,1.0,,,1,0,7,-0.509,1.538
Colombia,1963,0.357,0.252,0.132,0.144,0.114,1.0,0.474,-0.95,0.0,0.333,0.522,0.705,0.522,0.417,0.452,0.488,0.661,0.268,0.606,-1.338,0,0,0,1.0,,,1,0,7,-0.509,1.538
Colombia,1964,0.356,0.251,0.133,0.143,0.114,1.0,0.474,-0.95,0.0,0.333,0.522,0.705,0.522,0.417,0.452,0.488,0.665,0.268,0.606,-1.338,0,0,0,1.0,,,1,0,7,-0.509,1.77
Colombia,1965,0.356,0.251,0.133,0.143,0.114,1.0,0.474,-0.95,0.0,0.333,0.522,0.705,0.522,0.417,0.452,0.488,0.666,0.268,0.608,-1.338,0,0,0,1.0,,,1,0,7,-0.509,1.77
Colombia,1966,0.356,0.251,0.134,0.152,0.114,1.0,0.474,-0.95,0.0,0.333,0.522,0.705,0.522,0.417,0.452,0.488,0.663,0.272,0.593,-1.338,0,0,0,1.0,,,1,0,7,-0.509,1.77
Colombia,1967,0.355,0.251,0.134,0.152,0.114,1.0,0.474,-0.95,0.0,0.333,0.522,0.705,0.522,0.417,0.452,0.488,0.663,0.272,0.593,-1.338,0,0,0,1.0,,,1,0,7,-0.509,1.77
Colombia,1968,0.354,0.253,0.134,0.153,0.113,1.0,0.474,-0.95,0.0,0.333,0.552,0.705,0.52,0.417,0.452,0.488,0.689,0.272,0.583,-1.338,0,0,0,1.0,,,1,0,7,-0.509,1.77
Colombia,1969,0.353,0.253,0.134,0.153,0.113,1.0,0.474,-0.95,0.0,0.333,0.552,0.705,0.52,0.417,0.452,0.488,0.695,0.272,0.583,-1.338,0,0,0,1.0,,,1,0,7,-0.509,1.77
Colombia,1970,0.349,0.253,0.134,0.143,0.112,1.0,0.474,-0.286,0.0,0.333,0.57,0.705,0.526,0.417,0.452,0.488,0.754,0.272,0.547,-1.338,0,0,0,1.0,,,1,0,7,-0.509,1.77
Colombia,1971,0.364,0.26,0.138,0.149,0.129,1.0,0.474,-0.286,0.0,0.333,0.57,0.705,0.526,0.417,0.452,0.488,0.761,0.272,0.535,-1.338,0,0,0,1.0,,,1,0,7,-0.509,1.77
Colombia,1972,0.371,0.262,0.14,0.151,0.131,1.0,0.474,-0.286,0.0,0.333,0.57,0.705,0.526,0.417,0.452,0.488,0.761,0.272,0.535,-1.338,0,0,0,1.0,,,1,0,7,-0.509,1.77
Colombia,1973,0.371,0.261,0.14,0.151,0.131,1.0,0.474,-0.286,0.0,0.333,0.57,0.705,0.526,0.417,0.452,0.488,0.761,0.272,0.535,-1.338,0,0,0,1.0,,,1,0,7,-0.509,1.77
Colombia,1974,0.417,0.282,0.157,0.177,0.146,1.0,0.355,-0.286,0.0,0.333,0.57,0.705,0.526,0.417,0.452,0.488,0.745,0.272,0.515,-1.338,0,0,0,1.0,,,1,0,8,-0.509,1.77
Colombia,1975,0.448,0.301,0.17,0.269,0.158,1.0,0.355,-0.286,0.0,0.333,0.6,0.722,0.536,0.417,0.452,0.488,0.73,0.272,0.48,-1.338,0,0,0,1.0,,,1,0,8,-0.509,1.77
Colombia,1976,0.448,0.304,0.171,0.269,0.158,1.0,0.355,-0.286,0.0,0.333,0.621,0.722,0.546,0.417,0.452,0.488,0.73,0.272,0.479,-1.338,0,0,0,1.0,,,1,0,8,-0.509,1.63
Colombia,1977,0.449,0.307,0.171,0.271,0.159,1.0,0.355,-0.286,0.0,0.333,0.621,0.722,0.546,0.417,0.452,0.488,0.73,0.272,0.48,-1.338,0,0,0,1.0,,,1,0,8,-0.509,1.63
Colombia,1978,0.429,0.283,0.163,0.143,0.147,1.0,0.166,-0.286,0.0,0.333,0.601,0.722,0.517,0.417,0.452,0.479,0.817,0.202,0.455,-1.338,0,0,0,1.0,,,1,0,8,-1.552,1.63
Colombia,1979,0.412,0.273,0.157,0.138,0.14,1.0,0.166,-0.286,0.0,0.333,0.59,0.722,0.511,0.417,0.452,0.479,0.818,0.202,0.455,-1.338,0,0,0,1.0,,,1,0,8,-1.552,1.63
Colombia,1980,0.409,0.273,0.165,0.137,0.14,1.0,0.166,-0.286,0.0,0.333,0.59,0.722,0.511,0.417,0.452,0.479,0.818,0.202,0.455,-1.338,0,0,0,1.0,,,1,0,8,-1.552,2.68
Colombia,1981,0.409,0.273,0.165,0.137,0.14,1.0,0.166,-0.286,0.0,0.333,0.59,0.722,0.511,0.417,0.452,0.479,0.818,0.202,0.456,-1.338,0,0,0,1.0,,,1,0,8,-1.552,2.68
Colombia,1982,0.411,0.28,0.165,0.22,0.145,1.0,0.186,-0.286,0.0,0.333,0.623,0.738,0.539,0.417,0.452,0.479,0.784,0.23,0.45,-1.338,0,0,0,1.0,,,1,0,8,-1.216,2.68
Colombia,1983,0.47,0.321,0.187,0.245,0.152,1.0,0.353,-0.286,0.0,0.333,0.643,0.738,0.551,0.417,0.452,0.479,0.783,0.248,0.45,-1.338,0,0,0,1.0,,,1,0,8,-0.964,2.68
Colombia,1984,0.46,0.32,0.183,0.241,0.147,1.0,0.475,-0.286,0.0,0.333,0.643,0.738,0.551,0.417,0.452,0.479,0.783,0.248,0.437,-1.338,0,0,0,1.0,,,1,0,8,-0.964,2.68
Colombia,1985,0.458,0.321,0.183,0.241,0.148,1.0,0.475,-0.286,0.0,0.333,0.643,0.738,0.551,0.417,0.452,0.479,0.783,0.248,0.437,-1.338,0,0,0,1.0,,,1,0,8,-0.964,3.27
Colombia,1986,0.45,0.311,0.184,0.244,0.147,1.0,0.43,-0.286,0.0,0.333,0.643,0.738,0.534,0.417,0.452,0.479,0.732,0.248,0.437,-1.338,0,0,0,1.0,,,1,0,8,-0.964,3.27
Colombia,1987,0.448,0.311,0.183,0.317,0.149,1.0,0.409,-0.286,0.0,0.333,0.643,0.771,0.534,0.417,0.452,0.479,0.765,0.248,0.445,-1.338,0,0,0,1.0,,,1,0,8,-0.964,3.27
Colombia,1988,0.449,0.306,0.253,0.318,0.15,1.0,0.409,-0.286,0.0,0.333,0.643,0.771,0.525,0.418,0.452,0.479,0.765,0.248,0.445,-1.338,0,0,0,1.0,,,1,0,8,-0.964,3.27
Colombia,1989,0.449,0.306,0.253,0.358,0.15,1.0,0.409,-0.286,0.0,0.333,0.643,0.771,0.525,0.418,0.452,0.479,0.765,0.248,0.445,-1.338,0,0,0,1.0,,,1,0,8,-0.964,3.27
Colombia,1990,0.472,0.321,0.288,0.37,0.172,1.0,0.409,-0.286,0.0,0.333,0.661,0.771,0.527,0.418,0.452,0.479,0.763,0.277,0.335,-1.898,0,0,0,1.0,,,1,0,8,-0.453,3.27
Colombia,1991,0.513,0.393,0.359,0.387,0.255,2.0,0.417,-0.286,0.0,0.333,0.827,0.779,0.644,0.418,0.452,0.479,0.714,0.309,0.318,-2.144,0,0,0,1.0,,,1,0,9,-0.453,3.055
Colombia,1992,0.557,0.429,0.384,0.355,0.321,2.0,0.417,0.467,0.0,0.333,0.814,0.838,0.676,0.418,0.349,0.435,0.755,0.651,0.318,-2.144,0,0,0,1.0,,,1,0,9,-0.018,3.309
Colombia,1993,0.557,0.431,0.385,0.355,0.342,2.0,0.374,0.467,0.0,0.333,0.818,0.838,0.672,0.418,0.349,0.435,0.755,0.651,0.305,-2.144,0,0,0,1.0,,,1,0,9,-0.018,3.309
Colombia,1994,0.557,0.431,0.385,0.317,0.342,2.0,0.374,0.467,0.0,0.333,0.818,0.84,0.676,0.418,0.349,0.435,0.758,0.651,0.305,-2.144,0,0,0,1.0,,,1,0,9,-0.018,3.309
Colombia,1995,0.563,0.435,0.386,0.339,0.342,2.0,0.388,0.467,0.0,0.333,0.818,0.843,0.676,0.418,0.349,0.435,0.74,0.651,0.305,-2.144,0,0,0,1.0,,,1,0,7,-0.018,3.309
Colombia,1996,0.554,0.43,0.379,0.333,0.339,2.0,0.388,0.467,0.0,0.333,0.818,0.843,0.676,0.418,0.349,0.435,0.74,0.651,0.305,-2.144,0,0,0,1.0,,,1,0,7,-0.018,3.309
Colombia,1997,0.554,0.43,0.377,0.333,0.339,2.0,0.388,0.467,0.0,0.0,0.818,0.831,0.682,0.418,0.349,0.435,0.74,0.651,0.305,-2.144,0,0,0,1.0,,,1,0,7,-0.018,3.309
Colombia,1998,0.544,0.424,0.369,0.347,0.336,2.0,0.388,0.467,0.0,0.0,0.818,0.831,0.682,0.418,0.349,0.435,0.738,0.651,0.259,-2.144,0,0,0,1.0,,,1,0,7,-0.018,3.309
Colombia,1999,0.539,0.42,0.365,0.343,0.33,2.0,0.388,0.467,0.0,0.0,0.818,0.831,0.682,0.418,0.349,0.435,0.753,0.651,0.259,-2.144,0,0,0,1.0,,,1,0,7,-0.018,3.309
Colombia,2000,0.548,0.426,0.368,0.349,0.321,2.0,0.388,0.941,0.0,0.0,0.818,0.831,0.704,0.319,0.349,0.41,0.753,0.651,0.235,-2.144,0,0,0,1.0,,,1,0,7,-0.018,3.309
Colombia,2001,0.549,0.425,0.367,0.35,0.321,2.0,0.388,0.941,0.0,0.0,0.818,0.831,0.704,0.319,0.349,0.41,0.753,0.64,0.235,-2.144,0,0,0,1.0,,,1,0,7,-0.288,3.309
Colombia,2002,0.538,0.422,0.36,0.33,0.317,2.0,0.341,0.941,0.0,0.0,0.818,0.835,0.732,0.319,0.349,0.41,0.766,0.631,0.26,-1.752,0,0,0,1.0,,,1,0,7,-0.772,3.309
Colombia,2003,0.545,0.432,0.379,0.32,0.319,2.0,0.502,0.941,0.0,0.0,0.818,0.835,0.732,0.319,0.349,0.41,0.752,0.692,0.36,-1.752,0,0,0,1.0,,,1,0,7,0.589,3.309
Colombia,2004,0.546,0.433,0.378,0.322,0.322,2.0,0.502,0.941,0.0,0.0,0.818,0.835,0.732,0.319,0.349,0.41,0.752,0.692,0.393,-1.752,0,0,0,1.0,,,1,0,7,0.589,3.309
Colombia,2005,0.551,0.439,0.381,0.357,0.324,2.0,0.502,0.941,0.0,0.0,0.826,0.835,0.732,0.319,0.349,0.41,0.752,0.692,0.522,-1.752,0,0,0,1.0,,,1,0,7,0.589,2.637
Colombia,2006,0.573,0.453,0.396,0.374,0.335,2.0,0.502,0.941,0.0,0.0,0.823,0.835,0.734,0.319,0.349,0.41,0.699,0.692,0.547,-1.752,0,0,0,1.0,,,1,0,7,0.589,2.637
Colombia,2007,0.589,0.468,0.406,0.382,0.344,2.0,0.502,0.941,0.0,0.0,0.823,0.839,0.734,0.319,0.365,0.41,0.686,0.691,0.561,-1.752,0,0,0,1.0,,,1,0,7,0.724,2.348
Colombia,2008,0.588,0.468,0.405,0.388,0.344,2.0,0.502,0.941,0.0,0.0,0.823,0.839,0.732,0.319,0.365,0.41,0.686,0.747,0.561,-1.752,0,0,0,1.0,,,1,0,7,0.999,2.348
Colombia,2009,0.592,0.472,0.403,0.39,0.35,2.0,0.534,0.941,0.0,0.0,0.829,0.839,0.73,0.337,0.365,0.42,0.686,0.747,0.564,-1.752,,0,0,1.0,,,1,0,7,0.999,2.348
Colombia,2010,0.626,0.501,0.429,0.46,0.379,2.0,0.613,0.941,0.0,0.0,0.819,0.835,0.742,0.341,0.322,0.403,0.679,0.773,0.559,-1.727,,0,0,1.0,,,1,0,7,1.198,2.122
Colombia,2011,0.661,0.542,0.451,0.521,0.394,2.0,0.691,0.941,0.0,0.0,0.843,0.844,0.769,0.341,0.28,0.396,0.68,0.85,0.559,-1.727,,0,0,1.0,,,1,0,7,1.784,1.857
Colombia,2012,0.664,0.544,0.45,0.527,0.397,2.0,0.693,0.941,0.0,0.0,0.849,0.844,0.771,0.341,0.28,0.387,0.68,0.856,0.559,-1.727,,0,0,1.0,,,1,0,7,1.913,1.857
Colombia,2013,0.669,0.542,0.451,0.543,0.402,2.0,0.708,0.941,0.0,0.0,0.829,0.825,0.767,0.345,0.28,0.388,0.68,0.932,0.568,-1.727,,0,0,1.0,,,1,0,7,2.811,1.857
Colombia,2014,0.682,0.553,0.459,0.565,0.412,2.0,0.716,0.941,0.0,0.0,0.829,0.846,0.767,0.345,0.28,0.388,0.657,0.932,0.564,-1.727,,0,0,1.0,,,1,0,7,2.811,1.857
Colombia,2015,0.687,0.557,0.463,0.572,0.418,2.0,0.713,0.941,0.0,0.0,0.829,0.846,0.754,0.345,0.28,0.393,0.651,0.932,0.564,-1.727,,0,0,1.0,,,1,0,7,2.811,1.663
Colombia,2016,0.688,0.557,0.493,0.569,0.422,2.0,0.737,0.941,0.0,0.0,0.827,0.823,0.766,0.345,0.28,0.392,0.671,0.938,0.564,-1.727,,0,0,1.0,,,1,0,7,2.909,1.663
Colombia,2017,0.685,0.554,0.488,0.564,0.424,2.0,0.721,0.941,0.0,0.0,0.835,0.828,0.758,0.339,0.308,0.405,0.685,0.916,0.537,-1.727,,0,0,1.0,,,1,0,7,2.096,1.403
Colombia,2018,0.67,0.538,0.476,0.479,0.393,2.0,0.638,0.941,0.0,0.0,0.831,0.827,0.759,0.336,0.308,0.383,0.678,0.839,0.515,-1.727,,0,0,1.0,,,1,0,7,1.426,1.897
Colombia,2019,0.659,0.515,0.462,0.432,0.38,2.0,0.533,0.755,0.0,0.0,0.82,0.819,0.745,0.342,0.287,0.388,0.666,0.871,0.501,-1.727,,0,0,1.0,,,1,0,,1.325,1.897
Colombia,2020,0.645,0.497,0.446,0.393,0.348,2.0,0.547,0.943,0.0,0.0,0.824,0.778,0.736,0.364,0.295,0.398,0.673,0.765,0.501,-1.778,,0,0,1.0,,,1,0,,0.882,2.654
Colombia,2021,0.658,0.502,0.456,0.421,0.374,2.0,0.506,0.763,0.0,0.0,0.824,0.759,0.738,0.329,0.307,0.392,0.681,0.706,0.502,-2.009,,0,0,1.0,,,,,,0.595,2.58
Colombia,2022,0.696,0.559,0.49,0.518,0.426,2.0,0.683,0.978,0.0,0.0,0.81,0.835,0.753,0.329,0.307,0.381,0.684,0.842,0.495,-1.109,,0,0,1.0,,,,,,2.087,2.717
Colombia,2023,0.709,0.571,0.492,0.512,0.44,2.0,0.683,0.978,0.0,0.0,0.814,0.835,0.756,0.329,0.307,0.387,0.61,0.868,0.533,-0.707,,0,0,1.0,,,,,,2.307,1.656
Colombia,2024,0.701,0.557,0.477,0.484,0.423,2.0,0.611,0.689,0.0,0.0,0.84,0.823,0.748,0.329,0.307,0.393,0.579,0.869,0.515,-0.589,,0,0,1.0,,,,,,2.212,1.656
Costa Rica,1960,0.726,0.632,0.471,0.634,0.539,2.0,0.939,2.011,0.0,0.0,0.942,0.84,0.903,0.145,0.223,0.3,0.274,0.872,0.517,-2.023,0,0,0,1.0,,,0,0,10,1.676,-1.323
Costa Rica,1961,0.726,0.632,0.471,0.634,0.539,2.0,0.939,2.011,0.0,0.0,0.942,0.84,0.903,0.145,0.223,0.3,0.274,0.872,0.517,-2.023,0,0,0,1.0,,,0,0,10,1.676,-1.323
Costa Rica,1962,0.724,0.637,0.47,0.634,0.537,2.0,0.939,2.011,0.0,0.0,0.942,0.84,0.903,0.145,0.223,0.3,0.208,0.872,0.517,-2.023,0,0,0,1.0,,,0,0,10,1.676,-1.323
Costa Rica,1963,0.724,0.637,0.47,0.634,0.537,2.0,0.939,2.011,0.0,0.0,0.942,0.84,0.903,0.145,0.223,0.3,0.202,0.872,0.517,-2.023,0,0,0,1.0,,,0,0,10,1.676,-1.323
Costa Rica,1964,0.724,0.637,0.47,0.634,0.537,2.0,0.939,2.011,0.0,0.0,0.942,0.84,0.903,0.145,0.223,0.3,0.202,0.872,0.517,-2.023,0,0,0,1.0,,,0,0,10,1.676,-1.323
Costa Rica,1965,0.724,0.637,0.47,0.634,0.537,2.0,0.939,2.011,0.0,0.0,0.942,0.84,0.903,0.145,0.223,0.3,0.202,0.872,0.517,-2.023,0,0,0,1.0,,,0,0,10,1.676,-1.323
Costa Rica,1966,0.728,0.639,0.471,0.639,0.546,2.0,0.939,2.011,0.0,0.0,0.942,0.84,0.903,0.145,0.223,0.3,0.201,0.872,0.517,-2.023,0,0,0,1.0,,,0,0,10,1.676,-1.323
Costa Rica,1967,0.728,0.639,0.471,0.64,0.562,2.0,0.939,2.011,0.0,0.0,0.942,0.84,0.914,0.145,0.147,0.281,0.201,0.872,0.517,-2.023,0,0,0,1.0,,,0,0,10,1.676,-1.323
Costa Rica,1968,0.728,0.639,0.471,0.64,0.562,2.0,0.939,2.011,0.0,0.0,0.942,0.84,0.914,0.145,0.147,0.281,0.201,0.872,0.495,-2.023,0,0,0,1.0,,,0,0,10,1.676,-1.323
Costa Rica,1969,0.728,0.639,0.471,0.64,0.562,2.0,0.939,2.011,0.0,0.0,0.942,0.84,0.914,0.145,0.147,0.281,0.201,0.872,0.495,-2.023,0,0,0,1.0,,,0,0,10,1.676,-1.323
Costa Rica,1970,0.742,0.656,0.484,0.657,0.578,2.0,0.939,2.011,0.0,0.0,0.942,0.866,0.914,0.145,0.147,0.281,0.269,0.901,0.498,-2.023,0,0,0,1.0,,,0,0,10,1.676,0.654
Costa Rica,1971,0.747,0.661,0.488,0.659,0.585,2.0,0.939,2.011,0.0,0.0,0.942,0.866,0.914,0.145,0.147,0.281,0.275,0.901,0.498,-2.023,0,0,0,1.0,,,0,0,10,1.676,-0.946
Costa Rica,1972,0.747,0.661,0.488,0.659,0.585,2.0,0.939,2.011,0.0,0.0,0.942,0.866,0.914,0.145,0.147,0.281,0.275,0.901,0.498,-2.023,0,0,0,1.0,,,0,0,10,1.676,-0.946
Costa Rica,1973,0.747,0.661,0.488,0.659,0.592,2.0,0.939,2.011,0.0,0.0,0.942,0.866,0.915,0.145,0.147,0.281,0.275,0.901,0.498,-2.023,0,0,0,1.0,,,0,0,10,1.676,-0.946
Costa Rica,1974,0.744,0.658,0.487,0.66,0.59,2.0,0.939,2.011,0.0,0.0,0.942,0.866,0.915,0.145,0.147,0.281,0.267,0.901,0.498,-2.023,0,0,0,1.0,,,0,0,10,1.676,-0.946
Costa Rica,1975,0.798,0.71,0.528,0.712,0.645,2.0,0.939,2.011,0.0,0.0,0.942,0.866,0.914,0.151,0.147,0.282,0.266,0.901,0.498,-2.023,0,0,0,1.0,,,0,0,10,1.676,-0.946
Costa Rica,1976,0.806,0.718,0.534,0.719,0.653,2.0,0.939,2.011,0.0,0.0,0.942,0.866,0.914,0.151,0.147,0.282,0.266,0.901,0.498,-2.023,0,0,0,1.0,,,0,0,10,1.676,-0.946
Costa Rica,1977,0.81,0.721,0.536,0.719,0.655,2.0,0.939,2.011,0.0,0.0,0.942,0.866,0.914,0.151,0.147,0.282,0.266,0.901,0.498,-2.023,0,0,0,1.0,,,0,0,10,1.676,-0.946
Costa Rica,1978,0.826,0.737,0.548,0.736,0.667,2.0,0.939,2.011,0.0,0.0,0.942,0.866,0.914,0.151,0.147,0.282,0.282,0.923,0.498,-2.023,0,0,0,1.0,,,0,0,10,1.676,-0.946
Costa Rica,1979,0.826,0.736,0.559,0.736,0.687,2.0,0.939,2.011,0.0,0.0,0.942,0.875,0.914,0.151,0.147,0.282,0.284,0.929,0.47,-2.023,0,0,0,1.0,,,0,0,10,1.676,-0.946
Costa Rica,1980,0.843,0.763,0.574,0.763,0.705,2.0,0.914,2.011,0.0,0.0,0.942,0.898,0.921,0.156,0.147,0.284,0.321,0.937,0.53,-2.023,0,0,0,1.0,,,0,0,10,1.907,-0.946
Costa Rica,1981,0.843,0.762,0.574,0.763,0.705,2.0,0.882,2.011,0.0,0.0,0.942,0.898,0.921,0.156,0.147,0.284,0.321,0.937,0.53,-2.023,0,0,0,1.0,,,0,0,10,1.907,-0.946
Costa Rica,1982,0.862,0.782,0.587,0.784,0.725,2.0,0.882,2.011,0.0,0.0,0.944,0.898,0.922,0.156,0.147,0.284,0.334,0.937,0.548,-2.023,0,0,0,1.0,,,0,0,10,1.907,-0.317
Costa Rica,1983,0.863,0.783,0.589,0.786,0.727,2.0,0.882,2.011,0.0,0.0,0.944,0.898,0.922,0.156,0.147,0.284,0.335,0.937,0.548,-2.023,0,0,0,1.0,,,0,0,10,1.907,-0.317
Costa Rica,1984,0.863,0.783,0.589,0.786,0.727,2.0,0.882,2.011,0.0,0.0,0.944,0.898,0.922,0.156,0.147,0.284,0.335,0.937,0.548,-2.023,0,0,0,1.0,,,0,0,10,1.907,-0.317
Costa Rica,1985,0.863,0.783,0.589,0.786,0.728,2.0,0.882,2.011,0.0,0.0,0.944,0.898,0.922,0.156,0.147,0.284,0.335,0.937,0.548,-2.023,0,0,0,1.0,,,0,0,10,1.907,-0.317
Costa Rica,1986,0.868,0.789,0.591,0.807,0.74,2.0,0.939,2.011,0.0,0.0,0.944,0.898,0.922,0.156,0.147,0.284,0.323,0.937,0.548,-2.023,0,0,0,1.0,,,0,0,10,1.907,-0.317
Costa Rica,1987,0.868,0.795,0.591,0.807,0.748,2.0,0.939,2.011,0.0,0.0,0.964,0.898,0.931,0.156,0.147,0.284,0.363,0.937,0.518,-2.023,0,0,0,1.0,,,0,0,10,1.907,-1.065
Costa Rica,1988,0.877,0.806,0.601,0.817,0.757,2.0,0.939,2.011,0.0,0.0,0.964,0.898,0.931,0.156,0.147,0.284,0.363,0.972,0.518,-2.023,0,0,0,1.0,,,0,0,10,1.907,-1.815
Costa Rica,1989,0.877,0.813,0.601,0.817,0.757,3.0,0.939,2.011,0.0,0.0,0.967,0.912,0.941,0.156,0.147,0.284,0.363,0.972,0.518,-2.023,0,0,0,1.0,,,0,0,10,1.907,-1.815
Costa Rica,1990,0.894,0.84,0.623,0.834,0.787,3.0,0.959,2.011,0.0,0.0,0.969,0.938,0.949,0.156,0.131,0.262,0.287,0.977,0.532,-2.023,0,0,0,1.0,,,0,0,10,2.414,-0.538
Costa Rica,1991,0.895,0.843,0.626,0.836,0.789,3.0,0.972,2.011,0.0,0.0,0.969,0.938,0.952,0.156,0.131,0.262,0.284,0.977,0.532,-2.023,0,0,0,1.0,,,0,0,10,2.414,-2.216
Costa Rica,1992,0.895,0.843,0.626,0.836,0.789,3.0,0.972,2.011,0.0,0.0,0.969,0.938,0.952,0.156,0.131,0.262,0.284,0.977,0.532,-2.023,0,0,0,1.0,,,0,0,10,2.414,-2.216
Costa Rica,1993,0.895,0.843,0.626,0.836,0.789,3.0,0.972,2.011,0.0,0.0,0.969,0.938,0.952,0.156,0.131,0.262,0.284,0.977,0.532,-2.023,0,0,0,1.0,,,0,0,10,2.414,-2.216
Costa Rica,1994,0.896,0.845,0.627,0.838,0.79,3.0,0.972,2.011,0.0,0.0,0.969,0.934,0.952,0.156,0.131,0.262,0.273,0.977,0.532,-2.023,0,0,0,1.0,,,0,0,10,2.414,-2.216
Costa Rica,1995,0.896,0.845,0.632,0.838,0.79,3.0,0.972,2.011,0.0,0.0,0.969,0.934,0.955,0.156,0.131,0.199,0.272,0.977,0.532,-2.023,0,0,0,1.0,,,0,0,10,2.414,-2.216
Costa Rica,1996,0.897,0.845,0.632,0.838,0.783,3.0,0.972,2.011,0.0,0.0,0.969,0.934,0.955,0.156,0.131,0.199,0.272,0.977,0.532,-2.023,0,0,0,1.0,,,0,0,10,2.414,-2.216
Costa Rica,1997,0.897,0.839,0.632,0.838,0.783,3.0,0.972,2.011,0.0,0.0,0.948,0.934,0.95,0.156,0.131,0.199,0.272,0.977,0.532,-2.023,0,0,0,1.0,,,0,0,10,2.414,-2.216
Costa Rica,1998,0.894,0.843,0.631,0.836,0.781,3.0,0.972,2.011,0.0,0.0,0.954,0.948,0.951,0.156,0.131,0.199,0.274,0.977,0.591,-2.023,0,0,0,1.0,,,0,0,10,2.414,-2.216
Costa Rica,1999,0.894,0.842,0.631,0.836,0.782,3.0,0.972,2.011,0.0,0.0,0.954,0.948,0.951,0.156,0.131,0.176,0.198,0.977,0.625,-2.023,0,0,0,1.0,,,0,0,10,2.414,-2.216
Costa Rica,2000,0.895,0.844,0.632,0.843,0.792,3.0,0.972,2.011,0.0,0.0,0.954,0.948,0.951,0.156,0.131,0.176,0.198,0.977,0.625,-2.023,0,0,0,1.0,,,0,0,10,2.414,-2.216
Costa Rica,2001,0.895,0.844,0.633,0.843,0.799,3.0,0.975,2.011,0.0,0.0,0.954,0.948,0.951,0.156,0.131,0.176,0.198,0.977,0.625,-2.023,0,0,0,1.0,,,0,0,10,2.414,-2.216
Costa Rica,2002,0.896,0.846,0.651,0.843,0.802,3.0,0.975,2.011,0.0,0.0,0.954,0.948,0.951,0.156,0.131,0.176,0.215,0.977,0.652,-2.023,0,0,0,1.0,,,0,0,10,2.414,-2.216
Costa Rica,2003,0.896,0.846,0.65,0.843,0.802,3.0,0.975,2.011,0.0,0.0,0.954,0.948,0.951,0.156,0.131,0.173,0.216,0.977,0.652,-2.023,0,0,0,1.0,,,0,0,10,2.414,-2.216
Costa Rica,2004,0.894,0.843,0.648,0.84,0.799,3.0,0.975,2.011,0.0,0.0,0.954,0.948,0.951,0.156,0.131,0.173,0.216,0.977,0.652,-2.023,0,0,0,1.0,,,0,0,10,2.414,-2.216
Costa Rica,2005,0.894,0.841,0.648,0.84,0.798,3.0,0.973,2.011,0.0,0.0,0.954,0.948,0.945,0.156,0.131,0.173,0.216,0.977,0.652,-2.023,0,0,0,1.0,,,0,0,10,2.414,-2.216
Costa Rica,2006,0.905,0.851,0.657,0.86,0.81,3.0,0.973,2.011,0.0,0.0,0.95,0.948,0.938,0.156,0.185,0.187,0.157,0.977,0.652,-2.023,0,0,0,1.0,,,0,0,10,2.414,-2.216
Costa Rica,2007,0.908,0.855,0.698,0.865,0.813,3.0,0.973,2.011,0.0,0.0,0.95,0.948,0.938,0.156,0.185,0.187,0.151,0.977,0.652,-2.023,0,0,0,1.0,,,0,0,10,2.414,-2.216
Costa Rica,2008,0.908,0.855,0.698,0.857,0.813,3.0,0.973,2.011,0.0,0.0,0.95,0.948,0.938,0.156,0.185,0.187,0.151,0.977,0.652,-2.023,0,0,0,1.0,,,0,0,10,2.414,-2.216
Costa Rica,2009,0.908,0.855,0.698,0.857,0.812,3.0,0.973,2.011,0.0,0.0,0.954,0.948,0.94,0.156,0.185,0.187,0.151,0.977,0.652,-2.023,,0,0,1.0,,,0,0,10,2.414,-2.216
Costa Rica,2010,0.911,0.859,0.7,0.866,0.82,3.0,0.973,2.011,0.0,0.0,0.954,0.948,0.942,0.186,0.156,0.187,0.142,0.977,0.652,-2.023,,0,0,1.0,,,0,0,10,2.414,-1.993
Costa Rica,2011,0.911,0.861,0.701,0.866,0.82,3.0,0.973,2.011,0.0,0.0,0.954,0.948,0.943,0.186,0.156,0.184,0.141,0.977,0.644,-2.023,,0,0,1.0,,,0,0,10,2.414,-1.993
Costa Rica,2012,0.909,0.859,0.696,0.862,0.824,3.0,0.979,2.011,0.0,0.0,0.954,0.948,0.944,0.186,0.156,0.187,0.143,0.977,0.682,-2.023,,0,0,1.0,,,0,0,10,2.414,-1.993
Costa Rica,2013,0.908,0.854,0.691,0.86,0.815,3.0,0.976,2.011,0.0,0.0,0.954,0.94,0.938,0.186,0.156,0.187,0.141,0.976,0.703,-2.023,,0,0,1.0,,,0,0,10,2.318,-1.993
Costa Rica,2014,0.905,0.856,0.687,0.857,0.811,3.0,0.976,2.011,0.0,0.0,0.954,0.953,0.945,0.163,0.147,0.179,0.114,0.976,0.695,-2.023,,0,0,1.0,,,0,0,10,2.318,-1.993
Costa Rica,2015,0.905,0.854,0.677,0.853,0.814,3.0,0.976,2.011,0.0,0.0,0.954,0.953,0.943,0.163,0.164,0.182,0.108,0.974,0.615,-2.023,,0,0,1.0,,,0,0,10,2.318,-1.993
Costa Rica,2016,0.904,0.855,0.674,0.844,0.812,3.0,0.982,2.011,0.0,0.0,0.954,0.953,0.942,0.163,0.187,0.187,0.108,0.969,0.629,-2.023,,0,0,1.0,,,0,0,10,1.757,-1.993
Costa Rica,2017,0.899,0.852,0.664,0.847,0.809,3.0,0.982,2.011,0.0,0.0,0.954,0.959,0.939,0.188,0.217,0.201,0.109,0.966,0.619,-2.023,,0,0,1.0,,,0,0,10,2.171,-1.993
Costa Rica,2018,0.892,0.836,0.66,0.831,0.802,3.0,0.882,2.011,0.0,0.0,0.954,0.959,0.94,0.188,0.195,0.196,0.129,0.945,0.595,-2.023,,0,0,1.0,,,0,0,10,2.171,-1.993
Costa Rica,2019,0.896,0.843,0.655,0.838,0.806,3.0,0.965,2.011,0.0,0.0,0.954,0.959,0.941,0.188,0.172,0.19,0.131,0.949,0.647,-2.023,,0,0,1.0,,,0,0,,2.501,-1.993
Costa Rica,2020,0.898,0.848,0.654,0.847,0.81,3.0,0.965,2.011,0.0,0.0,0.954,0.959,0.942,0.188,0.172,0.19,0.131,0.949,0.626,-2.023,,0,0,1.0,,,0,0,,2.501,-1.48
Costa Rica,2021,0.895,0.844,0.649,0.844,0.798,3.0,0.965,2.011,0.0,0.0,0.954,0.959,0.942,0.188,0.172,0.19,0.131,0.949,0.591,-2.023,,0,0,1.0,,,,,,2.501,-2.54
Costa Rica,2022,0.865,0.809,0.623,0.791,0.765,3.0,0.965,2.011,0.0,0.0,0.952,0.959,0.942,0.188,0.172,0.19,0.146,0.949,0.606,-2.023,,0,0,1.0,,,,,,2.501,-2.54
Costa Rica,2023,0.859,0.805,0.604,0.787,0.76,3.0,0.965,2.011,0.0,0.0,0.952,0.959,0.942,0.188,0.172,0.19,0.166,0.949,0.668,-2.023,,0,0,1.0,,,,,,2.501,-2.54
Costa Rica,2024,0.859,0.805,0.604,0.787,0.76,3.0,0.965,2.011,0.0,0.0,0.952,0.959,0.936,0.188,0.225,0.203,0.143,0.949,0.692,-2.023,,0,0,1.0,,,,,,2.501,-2.54
Cuba,1960,0.088,0.03,0.038,0.08,0.22,0.0,0.579,-1.918,0.167,0.0,0.084,0.23,0.173,0.635,0.601,0.489,0.598,0.084,,2.671,0,0,0,0.0,,,2,0,-4,-1.791,1.659
Cuba,1961,0.07,0.027,0.035,0.048,0.215,0.0,0.579,-1.918,0.125,0.0,0.084,0.23,0.173,0.635,0.601,0.489,0.598,0.061,,2.671,0,0,0,0.0,,,2,0,-7,-2.344,2.011
Cuba,1962,0.069,0.024,0.035,0.033,0.215,0.0,0.579,-1.918,0.125,0.0,0.084,0.23,0.173,0.635,0.601,0.489,0.632,0.03,,2.671,0,0,0,0.0,,,2,0,-7,-2.344,2.011
Cuba,1963,0.069,0.025,0.035,0.033,0.215,0.0,0.579,-1.918,0.125,0.0,0.084,0.23,0.173,0.635,0.601,0.489,0.632,0.03,,2.671,0,0,0,0.0,,,2,0,-7,-2.344,2.011
Cuba,1964,0.069,0.025,0.035,0.033,0.215,0.0,0.579,-1.918,0.125,0.0,0.084,0.23,0.173,0.635,0.601,0.489,0.632,0.03,,2.671,0,0,0,0.0,,,2,0,-7,-2.344,2.011
Cuba,1965,0.069,0.024,0.038,0.033,0.215,0.0,0.579,-1.918,0.125,0.0,0.084,0.23,0.173,0.635,0.601,0.489,0.632,0.03,,2.671,0,0,0,0.0,,,2,0,-7,-2.344,2.011
Cuba,1966,0.069,0.024,0.038,0.033,0.216,0.0,0.59,-1.918,0.125,0.0,0.084,0.23,0.173,0.635,0.601,0.489,0.632,0.035,,2.671,0,0,0,0.0,,,2,0,-7,-2.041,2.011
Cuba,1967,0.069,0.024,0.038,0.033,0.216,0.0,0.59,-1.918,0.125,0.0,0.084,0.23,0.173,0.635,0.601,0.489,0.632,0.035,,2.671,0,0,0,0.0,,,2,0,-7,-2.041,2.011
Cuba,1968,0.069,0.023,0.038,0.033,0.216,0.0,0.59,-1.918,0.125,0.0,0.084,0.23,0.173,0.635,0.601,0.489,0.632,0.035,,2.671,0,0,0,0.0,,,2,0,-7,-2.041,1.637
Cuba,1969,0.069,0.024,0.038,0.033,0.216,0.0,0.59,-1.918,0.125,0.0,0.084,0.23,0.173,0.635,0.601,0.489,0.632,0.035,,2.671,0,0,0,0.0,,,2,0,-7,-2.041,1.637
Cuba,1970,0.069,0.024,0.038,0.033,0.216,0.0,0.615,-1.918,0.125,0.0,0.084,0.23,0.173,0.635,0.601,0.489,0.632,0.035,,2.671,0,0,0,0.0,,,2,0,-7,-2.041,1.268
Cuba,1971,0.069,0.024,0.048,0.033,0.215,0.0,0.615,-1.918,0.125,0.0,0.084,0.23,0.173,0.635,0.601,0.489,0.632,0.035,,2.671,0,0,0,0.0,,,2,0,-7,-2.041,1.268
Cuba,1972,0.069,0.024,0.048,0.033,0.215,0.0,0.615,-1.918,0.125,0.0,0.084,0.23,0.173,0.635,0.601,0.489,0.632,0.035,,2.671,0,0,0,0.0,,,2,0,-7,-2.041,1.268
Cuba,1973,0.069,0.024,0.048,0.033,0.215,0.0,0.615,-1.918,0.125,0.0,0.084,0.23,0.173,0.635,0.601,0.489,0.632,0.035,,2.671,0,0,0,0.0,,,2,0,-7,-2.041,1.268
Cuba,1974,0.069,0.024,0.048,0.033,0.215,0.0,0.615,-1.918,0.125,0.0,0.084,0.23,0.173,0.635,0.601,0.489,0.632,0.035,,2.671,0,0,0,0.0,,,2,0,-7,-2.041,0.274
Cuba,1975,0.069,0.024,0.048,0.033,0.215,0.0,0.615,-1.918,0.125,0.0,0.084,0.23,0.173,0.635,0.601,0.489,0.632,0.035,,2.671,0,0,0,0.0,,,2,0,-7,-2.041,0.274
Cuba,1976,0.069,0.026,0.059,0.062,0.215,0.0,0.615,-1.918,0.125,0.0,0.097,0.114,0.189,0.635,0.601,0.489,0.632,0.035,0.467,2.671,0,0,0,0.0,,,2,0,-7,-2.041,0.274
Cuba,1977,0.069,0.033,0.059,0.062,0.215,0.0,0.615,-1.918,0.125,0.0,0.097,0.071,0.189,0.635,0.601,0.521,0.632,0.035,0.466,2.671,0,0,0,0.0,,,2,0,-7,-2.041,0.274
Cuba,1978,0.069,0.033,0.059,0.062,0.215,0.0,0.615,-1.918,0.125,0.0,0.097,0.071,0.189,0.635,0.601,0.521,0.632,0.035,0.466,2.671,0,0,0,0.0,,,2,0,-7,-2.041,0.274
Cuba,1979,0.069,0.034,0.059,0.062,0.222,0.0,0.682,-1.918,0.125,0.0,0.097,0.071,0.189,0.635,0.601,0.521,0.632,0.035,0.466,2.671,0,0,0,0.0,,,2,0,-7,-2.041,0.274
Cuba,1980,0.071,0.032,0.059,0.062,0.222,0.0,0.549,-1.918,0.125,0.0,0.097,0.071,0.189,0.635,0.601,0.521,0.632,0.035,0.467,2.671,0,0,0,0.0,,,2,0,-7,-2.041,0.274
Cuba,1981,0.071,0.032,0.058,0.062,0.222,0.0,0.549,-1.918,0.125,0.0,0.097,0.071,0.189,0.635,0.601,0.521,0.632,0.035,0.466,2.671,0,0,0,0.0,,,2,0,-7,-2.041,0.274
Cuba,1982,0.071,0.032,0.057,0.062,0.222,0.0,0.549,-1.918,0.125,0.0,0.097,0.071,0.189,0.635,0.601,0.521,0.632,0.035,0.466,2.671,0,0,0,0.0,,,2,0,-7,-2.041,0.189
Cuba,1983,0.071,0.032,0.056,0.062,0.222,0.0,0.549,-1.918,0.125,0.0,0.097,0.071,0.189,0.635,0.601,0.521,0.632,0.035,0.466,2.671,0,0,0,0.0,,,2,0,-7,-2.041,0.189
Cuba,1984,0.071,0.032,0.055,0.062,0.222,0.0,0.549,-1.918,0.125,0.0,0.097,0.071,0.189,0.635,0.601,0.521,0.632,0.035,0.467,2.671,0,0,0,0.0,,,2,0,-7,-2.041,0.189
Cuba,1985,0.071,0.032,0.054,0.062,0.222,0.0,0.549,-1.918,0.125,0.0,0.097,0.071,0.189,0.635,0.601,0.521,0.632,0.035,0.466,2.671,0,0,0,0.0,,,2,0,-7,-2.041,0.189
Cuba,1986,0.071,0.032,0.053,0.062,0.222,0.0,0.549,-1.918,0.125,0.0,0.097,0.071,0.189,0.635,0.601,0.521,0.632,0.035,0.466,2.671,0,0,0,0.0,,,2,0,-7,-2.041,0.189
Cuba,1987,0.071,0.032,0.052,0.064,0.223,0.0,0.549,-1.918,0.125,0.0,0.097,0.071,0.189,0.635,0.601,0.521,0.632,0.035,0.466,2.671,0,0,0,0.0,,,2,0,-7,-2.041,0.189
Cuba,1988,0.071,0.032,0.051,0.064,0.222,0.0,0.549,-1.918,0.125,0.0,0.097,0.071,0.189,0.635,0.601,0.521,0.632,0.042,0.467,2.671,0,0,0,0.0,,,2,0,-7,-1.508,0.189
Cuba,1989,0.071,0.032,0.05,0.064,0.222,0.0,0.549,-1.918,0.125,0.0,0.097,0.071,0.189,0.635,0.601,0.521,0.632,0.042,0.466,2.671,0,0,0,0.0,,,2,0,-7,-1.508,0.189
Cuba,1990,0.071,0.032,0.049,0.053,0.222,0.0,0.549,-1.918,0.125,0.0,0.097,0.074,0.189,0.635,0.601,0.521,0.632,0.042,0.466,2.671,0,0,0,0.0,,,2,0,-7,-1.508,0.189
Cuba,1991,0.071,0.032,0.048,0.053,0.222,0.0,0.549,-1.918,0.125,0.0,0.097,0.074,0.189,0.635,0.601,0.521,0.632,0.042,0.466,2.671,0,0,0,0.0,,,2,0,-7,-1.508,0.189
Cuba,1992,0.071,0.033,0.047,0.053,0.222,0.0,0.549,-1.918,0.125,0.0,0.097,0.074,0.15,0.868,0.601,0.579,0.632,0.042,0.467,2.671,0,0,0,0.0,,,2,0,-7,-1.508,0.189
Cuba,1993,0.103,0.037,0.05,0.057,0.231,0.0,0.549,-1.918,0.125,0.0,0.097,0.074,0.146,0.868,0.601,0.579,0.528,0.042,0.466,2.671,0,0,0,0.0,,,2,0,-7,-1.508,0.189
Cuba,1994,0.108,0.037,0.05,0.058,0.233,0.0,0.549,-1.918,0.125,0.0,0.097,0.074,0.146,0.868,0.601,0.579,0.51,0.042,0.466,2.671,0,0,0,0.0,,,2,0,-7,-1.508,0.189
Cuba,1995,0.108,0.037,0.049,0.058,0.231,0.0,0.549,-1.918,0.125,0.0,0.097,0.074,0.146,0.868,0.601,0.579,0.51,0.042,0.466,2.671,0,0,0,0.0,,,2,0,-7,-1.508,0.189
Cuba,1996,0.108,0.038,0.049,0.058,0.231,0.0,0.549,-1.918,0.125,0.0,0.097,0.074,0.146,0.868,0.601,0.579,0.51,0.042,0.467,2.671,0,0,0,0.0,,,2,0,-7,-1.508,0.189
Cuba,1997,0.108,0.038,0.049,0.057,0.231,0.0,0.549,-1.918,0.125,0.0,0.097,0.074,0.146,0.868,0.601,0.579,0.51,0.042,0.466,2.671,0,0,0,0.0,,,2,0,-7,-1.508,-0.341
Cuba,1998,0.113,0.039,0.049,0.059,0.232,0.0,0.549,-1.918,0.125,0.0,0.097,0.074,0.146,0.868,0.601,0.579,0.512,0.042,0.466,2.671,0,0,0,0.0,,,2,0,-7,-1.508,-0.341
Cuba,1999,0.113,0.039,0.049,0.059,0.232,0.0,0.549,-1.918,0.125,0.0,0.097,0.074,0.146,0.868,0.601,0.579,0.512,0.042,0.466,2.671,0,0,0,0.0,,,2,0,-7,-1.508,-0.341
Cuba,2000,0.114,0.039,0.05,0.059,0.232,0.0,0.549,-1.918,0.125,0.0,0.097,0.074,0.146,0.868,0.601,0.579,0.512,0.042,0.467,2.671,0,0,0,0.0,,,2,0,-7,-1.508,-0.341
Cuba,2001,0.114,0.042,0.05,0.059,0.232,0.0,0.549,-1.918,0.125,0.0,0.097,0.074,0.146,0.868,0.601,0.579,0.512,0.042,0.466,2.671,0,0,0,0.0,,,2,0,-7,-1.508,-0.341
Cuba,2002,0.114,0.042,0.05,0.059,0.232,0.0,0.549,-1.918,0.125,0.0,0.097,0.074,0.146,0.868,0.601,0.579,0.512,0.042,0.466,2.671,0,0,0,0.0,,,2,0,-7,-1.508,-0.341
Cuba,2003,0.114,0.04,0.05,0.058,0.232,0.0,0.549,-1.918,0.125,0.0,0.097,0.074,0.137,0.868,0.601,0.579,0.499,0.042,0.466,2.671,0,0,0,0.0,,,2,0,-7,-1.508,-0.341
Cuba,2004,0.114,0.04,0.05,0.058,0.223,0.0,0.549,-1.918,0.125,0.0,0.097,0.074,0.137,0.868,0.601,0.579,0.499,0.042,0.467,2.671,0,0,0,0.0,,,2,0,-7,-1.508,-0.341
Cuba,2005,0.113,0.041,0.05,0.058,0.223,0.0,0.56,-1.918,0.167,0.0,0.097,0.074,0.137,0.868,0.601,0.579,0.499,0.042,0.466,2.671,0,0,0,0.0,,,2,0,-7,-1.508,-0.341
Cuba,2006,0.114,0.041,0.05,0.058,0.223,0.0,0.56,-1.918,0.167,0.0,0.097,0.074,0.137,0.868,0.601,0.579,0.499,0.042,0.466,2.671,0,0,0,0.0,,,2,0,-7,-1.508,-0.341
Cuba,2007,0.114,0.041,0.05,0.071,0.222,0.0,0.56,-1.918,0.167,0.0,0.097,0.074,0.137,0.868,0.601,0.579,0.513,0.042,0.466,2.465,0,0,0,0.0,,,2,0,-7,-1.508,-0.341
Cuba,2008,0.105,0.039,0.049,0.074,0.22,0.0,0.526,-1.918,0.167,0.0,0.097,0.074,0.142,0.868,0.601,0.579,0.506,0.046,0.467,2.465,0,0,0,0.0,,,2,0,-7,-1.305,-0.341
Cuba,2009,0.167,0.05,0.059,0.085,0.239,0.0,0.561,-1.918,0.167,0.0,0.097,0.077,0.142,0.868,0.601,0.579,0.506,0.046,0.466,2.465,,0,0,0.0,,,2,0,-7,-1.305,-0.341
Cuba,2010,0.167,0.05,0.06,0.085,0.24,0.0,0.601,-1.918,0.167,0.0,0.097,0.077,0.142,0.868,0.601,0.579,0.5,0.046,0.466,2.465,,0,0,0.0,,,2,0,-7,-1.305,-0.808
Cuba,2011,0.167,0.051,0.056,0.085,0.24,0.0,0.582,-1.918,0.167,0.0,0.097,0.077,0.142,0.868,0.601,0.579,0.5,0.046,0.466,2.465,,0,0,0.0,,,2,0,-7,-1.305,-0.808
Cuba,2012,0.167,0.051,0.054,0.09,0.24,0.0,0.601,-1.918,0.167,0.0,0.097,0.077,0.142,0.868,0.601,0.579,0.5,0.046,0.467,2.465,,0,0,0.0,,,2,0,-7,-1.305,-0.808
Cuba,2013,0.169,0.057,0.052,0.087,0.233,0.0,0.609,-1.918,0.167,0.0,0.112,0.07,0.148,0.868,0.601,0.564,0.477,0.046,0.466,2.465,,0,0,0.0,,,2,0,-7,-1.357,-0.808
Cuba,2014,0.169,0.057,0.052,0.088,0.233,0.0,0.609,-1.918,0.167,0.0,0.109,0.07,0.145,0.868,0.601,0.564,0.475,0.043,0.466,2.465,,0,0,0.0,,,2,0,-7,-1.548,-0.808
Cuba,2015,0.169,0.057,0.052,0.088,0.233,0.0,0.609,-1.918,0.167,0.0,0.109,0.07,0.143,0.893,0.601,0.57,0.475,0.043,0.466,2.465,,0,0,0.0,,,2,0,-7,-1.548,-0.808
Cuba,2016,0.171,0.056,0.052,0.082,0.233,0.0,0.529,-1.918,0.188,0.0,0.109,0.07,0.156,0.872,0.518,0.546,0.502,0.055,0.457,2.465,,0,0,0.0,,,2,0,-7,-1.465,-0.808
Cuba,2017,0.17,0.058,0.052,0.082,0.232,0.0,0.617,-1.918,0.188,0.0,0.109,0.07,0.136,0.872,0.647,0.594,0.502,0.055,0.457,2.465,,0,0,0.0,,,2,0,-7,-1.465,-0.808
Cuba,2018,0.177,0.06,0.058,0.099,0.227,0.0,0.544,-1.918,0.188,0.0,0.109,0.095,0.146,0.872,0.578,0.576,0.497,0.072,0.457,2.465,,0,0,0.0,,,2,0,-5,-1.465,-0.808
Cuba,2019,0.181,0.061,0.068,0.1,0.244,0.0,0.523,-1.684,0.312,0.0,0.109,0.095,0.145,0.872,0.578,0.576,0.496,0.075,0.457,2.465,,0,0,0.0,,,2,0,,-1.151,-0.808
Cuba,2020,0.179,0.06,0.065,0.103,0.242,0.0,0.537,-1.984,0.312,0.0,0.109,0.095,0.146,0.872,0.578,0.576,0.496,0.039,0.457,2.465,,0,0,0.0,,,2,0,,-1.537,-1.124
Cuba,2021,0.179,0.055,0.065,0.102,0.242,0.0,0.436,-2.021,0.25,0.0,0.109,0.089,0.14,0.872,0.578,0.576,0.496,0.03,0.457,3.107,,0,0,0.0,,,,,,-2.088,-0.095
Cuba,2022,0.178,0.056,0.065,0.099,0.233,0.0,0.432,-1.977,0.25,0.0,0.109,0.089,0.14,0.872,0.578,0.581,0.502,0.03,0.457,2.805,,0,0,0.0,,,,,,-2.088,-0.699
Cuba,2023,0.175,0.055,0.064,0.101,0.229,0.0,0.511,-1.977,0.25,0.0,0.098,0.089,0.138,0.872,0.578,0.594,0.491,0.03,0.457,2.805,,0,0,0.0,,,,,,-2.088,-0.697
Cuba,2024,0.178,0.055,0.065,0.096,0.23,0.0,0.511,-1.977,0.125,0.0,0.093,0.089,0.128,0.872,0.578,0.594,0.527,0.03,0.436,1.956,,0,0,0.0,,,,,,-2.088,-0.726
Dominican Republic,1960,0.147,0.031,0.055,0.017,0.057,0.0,0.029,-2.293,0.1,0.0,0.054,0.037,0.059,0.71,0.951,0.845,0.902,0.041,0.322,0.899,0,0,0,1.0,,,0,0,-9,-1.657,1.733
Dominican Republic,1961,0.16,0.046,0.06,0.019,0.055,0.0,0.029,-2.293,0.2,0.0,0.054,0.167,0.059,0.71,0.951,0.819,0.902,0.096,0.323,0.243,1,0,0,1.0,,,0,0,-6,-0.751,3.227
Dominican Republic,1962,0.171,0.067,0.117,0.044,0.065,1.0,0.158,-2.293,0.75,0.0,0.271,0.04,0.15,0.711,0.905,0.824,0.863,0.139,0.337,-1.737,2,0,1,0.0,,,0,0,-3,-0.751,3.227
Dominican Republic,1963,0.363,0.21,0.219,0.157,0.166,1.0,0.704,-2.293,0.25,0.0,0.593,0.054,0.467,0.599,0.755,0.685,0.627,0.563,0.437,-1.737,1,1,1,0.0,,,0,0,0,0.57,3.227
Dominican Republic,1964,0.156,0.066,0.121,0.038,0.071,0.0,0.193,-2.293,0.75,0.0,0.226,,0.15,0.908,0.896,0.833,0.867,0.447,,-1.737,0,0,0,0.0,,,0,0,0,-0.127,3.227
Dominican Republic,1965,0.148,0.091,0.119,0.037,0.069,0.0,0.193,-2.293,0.412,0.0,0.226,0.395,0.15,0.908,0.896,0.833,0.867,0.447,0.407,-1.737,1,1,2,0.0,,,0,0,0,-0.127,3.227
Dominican Republic,1966,0.194,0.062,0.146,0.045,0.078,1.0,0.072,-2.293,0.15,0.0,0.108,0.047,0.1,0.908,0.915,0.87,0.855,0.486,0.5,-0.791,0,0,0,0.5,,,0,1,-3,-0.218,3.227
Dominican Republic,1967,0.264,0.08,0.176,0.059,0.115,1.0,0.072,-2.293,0.25,0.0,0.123,0.047,0.111,0.908,0.915,0.87,0.846,0.486,0.5,-0.791,0,0,0,1.0,,,0,0,-3,-0.218,1.811
Dominican Republic,1968,0.264,0.084,0.176,0.059,0.115,1.0,0.127,-2.293,0.25,0.0,0.123,0.047,0.111,0.908,0.915,0.87,0.846,0.486,0.5,-0.791,0,0,0,1.0,,,0,0,-3,-0.218,1.811
Dominican Republic,1969,0.264,0.084,0.176,0.059,0.115,1.0,0.127,-2.293,0.25,0.0,0.123,0.047,0.111,0.908,0.915,0.87,0.846,0.486,0.5,-0.791,0,0,0,1.0,,,0,0,-3,-0.218,1.811
Dominican Republic,1970,0.265,0.083,0.176,0.07,0.116,1.0,0.127,-2.293,0.25,0.0,0.112,0.047,0.105,0.908,0.915,0.87,0.871,0.486,0.5,-0.791,0,0,0,1.0,,,0,0,-3,-0.218,1.811
Dominican Republic,1971,0.267,0.083,0.177,0.071,0.117,1.0,0.127,-2.293,0.25,0.0,0.112,0.047,0.105,0.908,0.915,0.87,0.885,0.486,0.5,-0.791,0,0,0,1.0,,,0,0,-3,-0.218,1.811
Dominican Republic,1972,0.267,0.083,0.177,0.068,0.113,1.0,0.127,-2.293,0.25,0.0,0.112,0.047,0.105,0.908,0.915,0.87,0.885,0.486,0.5,-0.791,0,0,0,1.0,,,0,0,-3,-0.218,1.811
Dominican Republic,1973,0.267,0.083,0.177,0.068,0.113,1.0,0.127,-2.293,0.25,0.0,0.112,0.047,0.113,0.908,0.862,0.859,0.885,0.486,0.5,-0.791,0,0,0,1.0,,,0,0,-3,-0.218,1.811
Dominican Republic,1974,0.267,0.083,0.177,0.068,0.113,1.0,0.127,-2.293,0.25,0.0,0.112,0.047,0.106,0.908,0.915,0.87,0.882,0.486,0.5,-0.791,0,0,0,1.0,,,0,0,-3,-0.218,1.811
Dominican Republic,1975,0.272,0.084,0.178,0.069,0.114,1.0,0.127,-2.293,0.25,0.0,0.112,0.047,0.106,0.908,0.915,0.87,0.88,0.486,0.5,-0.791,0,0,0,1.0,,,0,0,-3,-0.218,1.811
Dominican Republic,1976,0.272,0.084,0.178,0.069,0.114,1.0,0.127,-2.293,0.25,0.0,0.112,0.047,0.106,0.908,0.915,0.87,0.88,0.486,0.5,-0.791,0,0,0,1.0,,,0,0,-3,-0.218,1.811
Dominican Republic,1977,0.272,0.086,0.178,0.069,0.114,1.0,0.127,-2.293,0.25,0.0,0.123,0.047,0.112,0.908,0.915,0.87,0.88,0.486,0.508,-0.791,0,0,0,1.0,,,0,0,-3,-0.218,1.811
Dominican Republic,1978,0.358,0.148,0.212,0.099,0.14,1.0,0.127,-2.293,0.25,0.0,0.346,0.15,0.173,0.908,0.915,0.87,0.884,0.486,0.581,-0.937,0,0,0,1.0,,,0,0,5,-0.218,1.811
Dominican Republic,1979,0.467,0.266,0.295,0.143,0.223,1.0,0.813,0.077,0.125,0.0,0.468,0.209,0.327,0.71,0.882,0.814,0.845,0.734,0.557,-0.937,0,0,0,1.0,,,0,0,5,0.987,-1.059
Dominican Republic,1980,0.464,0.268,0.296,0.24,0.225,1.0,0.813,0.077,0.0,0.0,0.487,0.209,0.335,0.71,0.882,0.814,0.824,0.734,0.545,-0.937,0,0,0,1.0,,,0,0,5,0.987,-1.059
Dominican Republic,1981,0.464,0.268,0.296,0.24,0.225,1.0,0.813,0.077,0.0,0.0,0.487,0.209,0.335,0.71,0.882,0.814,0.824,0.734,0.545,-0.937,0,0,0,1.0,,,0,0,5,0.987,-1.059
Dominican Republic,1982,0.502,0.288,0.316,0.257,0.242,2.0,0.813,0.077,0.0,0.0,0.487,0.209,0.335,0.71,0.882,0.814,0.789,0.734,0.545,-0.937,0,0,0,1.0,,,0,0,5,0.987,0.358
Dominican Republic,1983,0.524,0.285,0.328,0.267,0.252,2.0,0.813,0.077,0.0,0.0,0.392,0.209,0.304,0.71,0.882,0.814,0.768,0.734,0.545,-0.937,0,0,0,1.0,,,0,0,5,0.987,-1.039
Dominican Republic,1984,0.522,0.281,0.326,0.265,0.252,2.0,0.703,0.077,0.0,0.0,0.392,0.209,0.304,0.71,0.882,0.814,0.768,0.734,0.545,-0.937,0,0,0,1.0,,,0,0,5,0.987,-1.039
Dominican Republic,1985,0.522,0.281,0.326,0.265,0.252,2.0,0.703,0.077,0.0,0.0,0.392,0.209,0.304,0.71,0.882,0.814,0.768,0.734,0.545,-0.937,0,0,0,1.0,,,0,0,5,0.987,-1.039
Dominican Republic,1986,0.518,0.263,0.324,0.264,0.249,2.0,0.703,0.077,0.0,0.0,0.362,0.12,0.291,0.71,0.882,0.814,0.774,0.719,0.545,-0.937,0,0,0,1.0,,,0,0,5,0.987,0.365
Dominican Republic,1987,0.508,0.247,0.318,0.246,0.244,2.0,0.632,0.077,0.0,0.0,0.32,0.12,0.255,0.71,0.895,0.818,0.81,0.719,0.545,-0.937,0,0,0,1.0,,,0,0,5,0.987,-1.03
Dominican Republic,1988,0.505,0.243,0.318,0.244,0.244,2.0,0.607,0.077,0.0,0.0,0.32,0.12,0.244,0.71,0.895,0.818,0.81,0.719,0.545,-0.937,0,0,0,1.0,,,0,0,5,0.987,-1.03
Dominican Republic,1989,0.505,0.247,0.318,0.244,0.262,2.0,0.607,0.077,0.0,0.0,0.32,0.12,0.244,0.71,0.895,0.818,0.81,0.719,0.545,-0.937,0,0,0,1.0,,,0,0,5,0.987,-1.03
Dominican Republic,1990,0.453,0.227,0.289,0.249,0.237,1.0,0.607,0.077,0.0,0.0,0.31,0.159,0.244,0.71,0.895,0.818,0.813,0.719,0.545,-0.937,0,0,0,1.0,,,0,0,5,0.987,-0.505
Dominican Republic,1991,0.424,0.215,0.275,0.237,0.224,1.0,0.607,0.077,0.0,0.0,0.31,0.159,0.244,0.71,0.895,0.818,0.815,0.771,0.545,-0.937,0,0,0,1.0,,,0,0,5,1.48,-1.42
Dominican Republic,1992,0.424,0.215,0.275,0.237,0.218,1.0,0.607,0.077,0.0,0.0,0.31,0.159,0.244,0.71,0.895,0.818,0.815,0.771,0.545,-0.937,0,0,0,1.0,,,0,0,5,1.48,-1.42
Dominican Republic,1993,0.424,0.213,0.275,0.237,0.218,1.0,0.607,0.077,0.0,0.0,0.31,0.159,0.221,0.71,0.895,0.818,0.815,0.771,0.545,-0.937,0,0,0,1.0,,,0,0,5,1.48,-1.42
Dominican Republic,1994,0.424,0.205,0.275,0.237,0.218,1.0,0.504,0.077,0.0,0.0,0.274,0.159,0.211,0.71,0.895,0.818,0.819,0.771,0.545,-0.937,0,0,0,1.0,,,0,0,5,1.48,-0.49
Dominican Republic,1995,0.441,0.214,0.283,0.244,0.224,1.0,0.669,0.077,0.125,0.0,0.274,0.159,0.211,0.71,0.895,0.818,0.821,0.771,0.545,-0.937,0,0,0,1.0,,,0,0,5,1.48,-1.414
Dominican Republic,1996,0.538,0.265,0.344,0.321,0.273,2.0,0.702,0.077,0.125,0.0,0.267,0.159,0.254,0.71,0.895,0.818,0.831,0.904,0.473,-0.937,0,0,0,1.0,,,0,0,8,2.048,-0.505
Dominican Republic,1997,0.614,0.331,0.396,0.445,0.312,2.0,0.844,0.077,0.125,0.0,0.389,0.159,0.349,0.71,0.745,0.783,0.837,0.909,0.473,-0.937,0,0,0,1.0,,,0,0,8,2.048,-1.424
Dominican Republic,1998,0.634,0.343,0.407,0.462,0.323,2.0,0.844,0.077,0.125,0.0,0.398,0.159,0.366,0.71,0.745,0.783,0.834,0.909,0.473,-0.937,0,0,0,1.0,,,0,0,8,2.048,-1.424
Dominican Republic,1999,0.641,0.348,0.412,0.477,0.328,2.0,0.844,0.077,0.125,0.0,0.398,0.159,0.366,0.71,0.745,0.783,0.832,0.909,0.473,-0.937,0,0,0,1.0,,,0,0,8,2.048,-1.424
Dominican Republic,2000,0.657,0.36,0.423,0.495,0.337,2.0,0.844,0.077,0.125,0.0,0.37,0.182,0.362,0.71,0.745,0.783,0.847,0.909,0.473,-1.856,0,0,0,1.0,,,0,0,8,2.048,-0.507
Dominican Republic,2001,0.664,0.354,0.428,0.5,0.344,2.0,0.844,0.077,0.125,0.0,0.37,0.139,0.362,0.71,0.745,0.783,0.814,0.909,0.539,-1.856,0,0,0,1.0,,,0,0,8,2.048,-1.356
Dominican Republic,2002,0.66,0.35,0.427,0.497,0.342,2.0,0.844,0.077,0.125,0.0,0.37,0.139,0.347,0.71,0.745,0.783,0.836,0.909,0.539,-1.856,0,0,0,1.0,,,0,0,8,2.048,-1.356
Dominican Republic,2003,0.658,0.347,0.426,0.495,0.341,2.0,0.844,0.077,0.125,0.0,0.37,0.139,0.323,0.71,0.745,0.783,0.848,0.909,0.539,-1.856,0,0,0,1.0,,,0,0,8,2.048,-1.356
Dominican Republic,2004,0.644,0.339,0.415,0.486,0.332,2.0,0.844,0.077,0.0,0.0,0.374,0.139,0.328,0.71,0.745,0.783,0.871,0.909,0.539,-1.856,0,0,0,1.0,,,0,0,8,2.048,-1.356
Dominican Republic,2005,0.636,0.34,0.409,0.481,0.327,2.0,0.844,0.077,0.091,0.0,0.374,0.171,0.328,0.71,0.745,0.783,0.884,0.909,0.539,-1.856,0,0,0,1.0,,,0,0,8,2.048,-1.356
Dominican Republic,2006,0.637,0.339,0.409,0.482,0.327,2.0,0.844,0.077,0.091,0.0,0.374,0.171,0.328,0.71,0.745,0.783,0.872,0.913,0.539,-1.856,0,0,0,1.0,,,0,0,8,2.121,-1.356
Dominican Republic,2007,0.635,0.344,0.408,0.48,0.326,2.0,0.844,0.077,0.091,0.0,0.37,0.203,0.329,0.71,0.745,0.783,0.865,0.915,0.539,-1.856,0,0,0,1.0,,,0,0,8,2.047,-1.356
Dominican Republic,2008,0.632,0.342,0.406,0.477,0.325,2.0,0.844,0.077,0.091,0.0,0.37,0.203,0.329,0.71,0.745,0.783,0.867,0.915,0.525,-1.856,0,0,0,1.0,,,0,0,8,2.047,-1.356
Dominican Republic,2009,0.631,0.341,0.405,0.476,0.325,2.0,0.844,0.077,0.091,0.0,0.37,0.203,0.329,0.71,0.745,0.783,0.868,0.915,0.525,-1.856,,0,0,1.0,,,0,0,8,2.047,-1.356
Dominican Republic,2010,0.614,0.339,0.395,0.464,0.321,2.0,0.844,0.077,0.091,0.0,0.372,0.237,0.324,0.71,0.745,0.783,0.87,0.908,0.525,-1.856,,0,0,1.0,,,0,0,8,2.036,-1.356
Dominican Republic,2011,0.606,0.322,0.392,0.46,0.317,2.0,0.844,0.077,0.091,0.0,0.374,0.173,0.326,0.71,0.745,0.783,0.871,0.908,0.525,-1.856,,0,0,1.0,,,0,0,8,1.983,-1.356
Dominican Republic,2012,0.601,0.324,0.388,0.465,0.318,2.0,0.844,0.077,0.091,0.0,0.4,0.154,0.337,0.71,0.745,0.783,0.869,0.908,0.525,-1.856,,0,0,1.0,,,0,0,8,1.983,-1.356
Dominican Republic,2013,0.598,0.313,0.38,0.42,0.316,2.0,0.844,0.077,0.111,0.0,0.403,0.127,0.346,0.704,0.67,0.768,0.868,0.908,0.557,-1.856,,0,0,1.0,,,0,0,8,1.983,-1.356
Dominican Republic,2014,0.598,0.31,0.38,0.42,0.316,2.0,0.844,0.077,0.111,0.0,0.383,0.127,0.344,0.704,0.67,0.768,0.868,0.908,0.554,-1.856,,0,0,1.0,,,0,0,8,1.983,-1.356
Dominican Republic,2015,0.576,0.3,0.358,0.411,0.31,2.0,0.844,0.077,0.143,0.0,0.383,0.127,0.348,0.651,0.669,0.756,0.868,0.902,0.554,-1.856,,0,0,1.0,,,0,0,8,1.633,-1.356
Dominican Republic,2016,0.553,0.292,0.345,0.386,0.289,2.0,0.844,0.077,0.125,0.0,0.399,0.145,0.348,0.651,0.669,0.756,0.867,0.902,0.554,-1.856,,0,0,1.0,,,0,0,7,1.633,-1.356
Dominican Republic,2017,0.541,0.28,0.336,0.364,0.284,2.0,0.844,0.077,0.143,0.0,0.399,0.112,0.332,0.679,0.71,0.77,0.866,0.902,0.554,-1.922,,0,0,1.0,,,0,0,7,1.633,-1.356
Dominican Republic,2018,0.547,0.286,0.344,0.364,0.285,2.0,0.871,0.077,0.143,0.0,0.399,0.136,0.302,0.751,0.71,0.79,0.866,0.902,0.555,-1.922,,0,0,1.0,,,0,0,7,1.633,-1.356
Dominican Republic,2019,0.541,0.289,0.353,0.368,0.276,2.0,0.84,0.077,0.143,0.0,0.429,0.136,0.28,0.868,0.71,0.808,0.876,0.908,0.537,-1.922,,0,0,1.0,,,0,0,,1.633,-1.356
Dominican Republic,2020,0.643,0.4,0.426,0.533,0.336,2.0,0.869,0.077,0.214,0.0,0.678,0.175,0.561,0.581,0.493,0.616,0.815,0.906,0.592,-1.706,,0,0,1.0,,,0,0,,2.721,-1.356
Dominican Republic,2021,0.687,0.444,0.461,0.607,0.389,2.0,0.874,0.077,0.214,0.0,0.717,0.252,0.565,0.712,0.434,0.609,0.745,0.913,0.607,-2.58,,0,0,1.0,,,,,,2.721,-1.282
Dominican Republic,2022,0.683,0.437,0.456,0.604,0.368,2.0,0.874,0.077,0.167,0.0,0.717,0.256,0.547,0.712,0.443,0.61,0.745,0.913,0.607,-2.58,,0,0,1.0,,,,,,2.721,-0.457
Dominican Republic,2023,0.683,0.431,0.444,0.597,0.371,2.0,0.874,0.077,0.1,0.0,0.688,0.256,0.528,0.706,0.443,0.614,0.844,0.913,0.486,-2.58,,0,0,1.0,,,,,,2.721,-0.513
Dominican Republic,2024,0.705,0.45,0.461,0.577,0.394,2.0,0.887,0.077,0.125,0.0,0.688,0.293,0.494,0.706,0.443,0.709,0.825,0.913,0.45,-2.58,,0,0,1.0,,,,,,2.78,-0.518
Ecuador,1960,0.36,0.183,0.18,0.138,0.096,1.0,0.673,-0.064,0.5,0.667,0.227,0.452,0.203,0.754,0.802,0.78,0.851,0.496,0.237,-1.437,0,0,0,1.0,,,0,0,1,0.316,-0.451
Ecuador,1961,0.359,0.182,0.181,0.118,0.096,1.0,0.673,-0.064,0.5,0.667,0.217,0.452,0.183,0.754,0.84,0.789,0.854,0.517,0.237,-1.437,1,1,1,0.0,,,0,0,1,0.316,-0.451
Ecuador,1962,0.368,0.186,0.183,0.139,0.1,1.0,0.653,-0.064,0.5,0.667,0.226,0.452,0.195,0.754,0.799,0.778,0.847,0.517,0.237,-1.437,0,0,0,0.0,,,0,0,1,0.316,-0.451
Ecuador,1963,0.215,0.057,0.134,0.058,0.062,1.0,0.422,-0.064,1.0,0.0,0.159,,0.134,0.737,0.784,0.733,0.856,0.437,0.191,-1.437,1,1,1,0.0,,,1,-1,-6,-0.209,-0.451
Ecuador,1964,0.134,0.059,0.111,0.028,0.046,0.0,0.442,-0.064,1.0,0.0,0.159,,0.134,0.737,0.784,0.733,0.856,0.437,,-1.437,0,0,0,0.0,,,1,0,-6,-0.209,-0.451
Ecuador,1965,0.137,0.06,0.111,0.027,0.046,0.0,0.442,-0.064,1.0,0.0,0.159,,0.14,0.737,0.784,0.733,0.856,0.437,,-1.437,0,0,0,0.0,,,1,0,-6,-0.209,-0.451
Ecuador,1966,0.141,0.065,0.112,0.027,0.047,0.0,0.495,-0.064,1.0,0.667,0.159,,0.155,0.737,0.784,0.733,0.856,0.437,0.191,-1.437,1,1,1,0.0,,,1,0,-2,-0.209,-0.451
Ecuador,1967,0.181,0.125,0.138,0.056,0.054,0.0,0.603,-0.064,1.0,0.667,0.218,0.463,0.178,0.737,0.783,0.769,0.886,0.476,0.269,-1.437,0,0,0,0.0,,,1,0,2,-0.209,-0.654
Ecuador,1968,0.275,0.155,0.171,0.092,0.076,1.0,0.603,-0.064,0.5,0.333,0.218,0.463,0.178,0.737,0.783,0.769,0.857,0.512,0.28,-1.437,0,0,0,1.0,,,1,0,5,0.117,-0.654
Ecuador,1969,0.381,0.197,0.21,0.1,0.105,1.0,0.603,-0.064,0.5,0.667,0.218,0.463,0.169,0.737,0.85,0.785,0.836,0.512,0.28,-1.437,0,0,0,1.0,,,1,0,5,0.117,-0.654
Ecuador,1970,0.298,0.093,0.18,0.068,0.087,1.0,0.603,-0.064,0.5,0.667,0.211,,0.164,0.737,0.85,0.757,0.836,0.512,0.28,-1.437,0,0,0,1.0,,,1,0,0,0.117,-0.654
Ecuador,1971,0.209,0.089,0.148,0.042,0.064,1.0,0.603,-0.064,0.5,0.667,0.194,,0.154,0.737,0.85,0.757,0.871,0.494,,-1.437,0,0,0,1.0,,,1,0,0,0.117,-0.654
Ecuador,1972,0.175,0.075,0.138,0.04,0.067,0.0,0.507,-0.064,1.0,0.0,0.138,,0.156,0.737,0.732,0.715,0.806,0.494,,-1.437,1,1,1,0.0,,,1,0,-5,0.117,-0.476
Ecuador,1973,0.147,0.064,0.126,0.036,0.065,0.0,0.421,-0.064,1.0,0.0,0.138,,0.143,0.737,0.732,0.715,0.806,0.459,,-1.437,0,0,0,0.0,,,1,0,-5,-0.317,-0.476
Ecuador,1974,0.147,0.066,0.126,0.023,0.064,0.0,0.421,-0.064,1.0,0.0,0.124,,0.132,0.737,0.782,0.733,0.821,0.459,,-1.437,0,0,0,0.0,,,1,0,-5,-0.317,-0.476
Ecuador,1975,0.147,0.066,0.126,0.023,0.064,0.0,0.421,-0.064,1.0,0.0,0.124,,0.132,0.737,0.782,0.733,0.821,0.459,,-1.437,0,0,1,0.0,,,1,0,-5,-0.317,-0.476
Ecuador,1976,0.147,0.067,0.128,0.027,0.064,0.0,0.421,-0.064,1.0,0.0,0.134,,0.141,0.737,0.762,0.726,0.821,0.469,,-1.437,1,1,1,0.0,,,1,0,-5,-0.317,-0.476
Ecuador,1977,0.148,0.07,0.128,0.027,0.065,0.0,0.421,-0.064,1.0,0.0,0.134,,0.15,0.737,0.762,0.726,0.821,0.469,,-1.437,0,0,0,0.0,,,1,0,-5,-0.317,-0.476
Ecuador,1978,0.202,0.085,0.158,0.036,0.075,0.0,0.483,-0.064,1.0,0.0,0.15,,0.168,0.705,0.741,0.725,0.72,0.469,,-1.437,0,0,0,0.0,,,1,0,-5,-0.317,-0.476
Ecuador,1979,0.395,0.135,0.254,0.238,0.172,1.0,0.65,-0.064,0.417,0.667,0.328,,0.397,0.409,0.412,0.517,0.537,0.627,0.403,-1.437,0,0,0,1.0,,,1,1,9,0.908,-0.685
Ecuador,1980,0.685,0.439,0.44,0.432,0.36,2.0,0.697,-0.064,0.417,0.667,0.429,0.638,0.473,0.372,0.365,0.59,0.553,0.81,0.39,-1.479,0,0,0,1.0,,,1,0,9,1.684,-1.387
Ecuador,1981,0.685,0.44,0.44,0.428,0.36,2.0,0.697,-0.064,0.417,0.667,0.429,0.638,0.478,0.372,0.365,0.59,0.54,0.81,0.407,-1.479,0,0,0,1.0,,,1,0,9,1.684,-1.387
Ecuador,1982,0.685,0.441,0.44,0.426,0.355,2.0,0.697,-0.064,0.5,0.667,0.429,0.638,0.478,0.372,0.365,0.59,0.557,0.81,0.407,-1.479,0,0,0,1.0,,,1,0,9,1.684,-1.387
Ecuador,1983,0.685,0.444,0.438,0.426,0.344,2.0,0.721,-0.064,0.5,0.667,0.429,0.638,0.478,0.372,0.365,0.59,0.557,0.81,0.407,-1.479,0,0,0,1.0,,,1,0,9,1.684,-1.387
Ecuador,1984,0.689,0.427,0.419,0.401,0.338,2.0,0.341,-0.064,0.5,0.667,0.429,0.638,0.459,0.372,0.393,0.597,0.568,0.626,0.407,-1.479,0,0,0,1.0,,,1,0,9,1.256,-0.373
Ecuador,1985,0.677,0.409,0.409,0.328,0.328,2.0,0.336,-0.064,0.5,0.333,0.355,0.638,0.362,0.487,0.619,0.682,0.617,0.626,0.407,-1.479,0,0,0,1.0,,,1,0,9,1.256,-0.373
Ecuador,1986,0.677,0.41,0.416,0.327,0.329,2.0,0.396,-0.064,0.5,0.333,0.355,0.638,0.362,0.487,0.619,0.682,0.616,0.626,0.407,-1.479,0,0,1,1.0,,,1,0,9,1.256,-0.373
Ecuador,1987,0.677,0.41,0.416,0.327,0.33,2.0,0.396,-0.064,0.5,0.333,0.355,0.638,0.362,0.487,0.619,0.682,0.616,0.626,0.407,-1.479,0,0,0,1.0,,,1,0,9,1.256,-0.373
Ecuador,1988,0.7,0.434,0.423,0.348,0.343,2.0,0.62,-0.064,0.5,0.333,0.355,0.638,0.367,0.487,0.619,0.682,0.613,0.749,0.407,-1.479,0,0,0,1.0,,,1,0,9,1.256,-0.373
Ecuador,1989,0.723,0.477,0.475,0.454,0.37,2.0,0.841,-0.064,0.5,0.667,0.419,0.638,0.446,0.372,0.509,0.625,0.558,0.877,0.407,-1.479,0,0,0,1.0,,,1,0,9,1.351,-0.583
Ecuador,1990,0.721,0.474,0.474,0.452,0.386,2.0,0.841,-0.064,0.5,0.667,0.419,0.638,0.446,0.372,0.525,0.629,0.556,0.877,0.407,-1.479,0,0,0,1.0,,,1,0,9,1.351,-1.751
Ecuador,1991,0.719,0.472,0.47,0.45,0.376,2.0,0.841,-0.064,0.5,0.667,0.419,0.638,0.446,0.372,0.525,0.629,0.555,0.877,0.407,-1.479,0,0,0,1.0,,,1,0,9,1.351,-1.751
Ecuador,1992,0.718,0.472,0.467,0.452,0.376,2.0,0.841,-0.064,0.5,0.667,0.419,0.638,0.446,0.372,0.525,0.629,0.55,0.877,0.407,-1.479,0,0,0,1.0,,,1,0,9,1.351,-1.751
Ecuador,1993,0.711,0.457,0.458,0.443,0.369,2.0,0.841,-0.064,0.5,0.667,0.366,0.638,0.422,0.492,0.493,0.649,0.632,0.856,0.407,-1.479,0,0,0,1.0,,,1,0,9,1.351,-1.751
Ecuador,1994,0.704,0.453,0.472,0.438,0.362,2.0,0.841,-0.064,0.5,0.667,0.366,0.638,0.424,0.474,0.493,0.645,0.623,0.864,0.407,-1.479,0,0,0,1.0,,,1,0,9,1.351,-1.751
Ecuador,1995,0.706,0.454,0.473,0.438,0.362,2.0,0.841,-0.064,0.5,0.667,0.366,0.638,0.406,0.502,0.523,0.66,0.618,0.864,0.407,-1.479,0,0,0,1.0,,,1,0,9,1.351,-1.751
Ecuador,1996,0.704,0.451,0.472,0.438,0.37,2.0,0.841,-0.064,0.5,1.0,0.361,0.65,0.382,0.502,0.566,0.671,0.618,0.864,0.407,-1.479,0,0,0,1.0,,,1,0,9,1.351,-1.751
Ecuador,1997,0.703,0.459,0.47,0.462,0.374,2.0,0.841,-0.064,0.5,1.0,0.416,0.65,0.358,0.655,0.558,0.707,0.568,0.864,0.407,-1.479,0,0,0,0.0,,,1,0,9,1.351,-1.751
Ecuador,1998,0.694,0.464,0.48,0.492,0.385,2.0,0.841,-0.064,0.5,1.0,0.416,0.65,0.402,0.655,0.547,0.704,0.576,0.864,0.407,-1.479,0,0,0,1.0,,,1,0,9,1.351,-1.751
Ecuador,1999,0.691,0.462,0.477,0.415,0.378,2.0,0.841,-0.064,0.5,1.0,0.406,0.65,0.387,0.655,0.584,0.713,0.608,0.861,0.407,-1.479,0,0,0,1.0,,,1,0,9,1.351,-1.751
Ecuador,2000,0.689,0.453,0.475,0.448,0.395,2.0,0.841,-0.064,0.5,0.667,0.349,0.65,0.379,0.655,0.55,0.704,0.564,0.861,0.407,-1.479,1,0,1,1.0,,,2,-1,6,1.351,-1.751
Ecuador,2001,0.689,0.453,0.475,0.448,0.395,2.0,0.841,-0.064,0.5,0.667,0.349,0.65,0.379,0.655,0.55,0.704,0.564,0.861,0.407,-1.479,0,0,0,1.0,,,2,0,6,1.351,-1.751
Ecuador,2002,0.691,0.455,0.476,0.44,0.397,2.0,0.841,-0.064,0.5,0.667,0.349,0.65,0.379,0.655,0.55,0.704,0.564,0.86,0.407,-1.479,0,0,0,1.0,,,2,0,6,1.351,-1.751
Ecuador,2003,0.7,0.46,0.487,0.391,0.403,2.0,0.841,-0.064,0.5,0.667,0.355,0.65,0.373,0.655,0.59,0.716,0.566,0.86,0.398,-1.479,0,0,0,1.0,,,2,1,6,1.351,-1.751
Ecuador,2004,0.7,0.458,0.485,0.391,0.403,2.0,0.841,-0.064,0.5,0.667,0.348,0.65,0.372,0.655,0.585,0.713,0.566,0.86,0.398,-1.479,0,0,0,1.0,,,2,0,6,1.351,-1.751
Ecuador,2005,0.7,0.459,0.483,0.397,0.4,2.0,0.841,-0.064,0.5,1.0,0.356,0.65,0.363,0.609,0.636,0.717,0.551,0.86,0.398,-1.479,0,0,0,0.0,,,2,0,6,1.351,-1.751
Ecuador,2006,0.703,0.461,0.501,0.419,0.403,2.0,0.865,-0.064,0.423,0.667,0.376,0.618,0.376,0.609,0.623,0.71,0.559,0.861,0.398,-1.479,0,0,0,0.0,,,2,0,7,1.429,-0.951
Ecuador,2007,0.671,0.409,0.478,0.52,0.425,2.0,0.923,-0.064,0.385,0.333,0.353,0.416,0.405,0.582,0.608,0.685,0.556,0.838,0.437,-1.25,0,0,0,1.0,,,2,0,5,0.948,-1.016
Ecuador,2008,0.632,0.351,0.473,0.477,0.416,2.0,0.915,-0.064,0.385,0.0,0.246,0.3,0.392,0.508,0.604,0.666,0.558,0.777,0.443,-1.25,0,0,0,1.0,,,2,0,5,0.49,-1.665
Ecuador,2009,0.612,0.332,0.443,0.441,0.409,2.0,0.915,-0.064,0.385,0.0,0.244,0.252,0.401,0.508,0.604,0.663,0.552,0.607,0.463,-1.25,,0,0,1.0,,,2,0,5,-0.148,-1.665
Ecuador,2010,0.588,0.311,0.415,0.408,0.417,2.0,0.9,-0.064,0.423,0.0,0.223,0.252,0.379,0.53,0.615,0.673,0.572,0.508,0.458,-1.25,,0,0,1.0,,,2,0,5,-0.339,0.003
Ecuador,2011,0.587,0.311,0.412,0.403,0.417,2.0,0.9,-0.064,0.385,0.0,0.223,0.252,0.385,0.546,0.615,0.677,0.572,0.487,0.458,-1.25,,0,0,1.0,,,2,0,5,-0.339,-1.648
Ecuador,2012,0.589,0.307,0.412,0.393,0.418,2.0,0.9,-0.064,0.385,0.0,0.223,0.219,0.377,0.559,0.615,0.68,0.577,0.488,0.458,-1.25,,0,0,1.0,,,2,0,5,-0.287,-1.648
Ecuador,2013,0.541,0.268,0.37,0.352,0.385,2.0,0.877,0.189,0.375,0.0,0.194,0.155,0.356,0.604,0.642,0.698,0.57,0.361,0.458,-1.25,,0,0,1.0,,,2,0,5,-0.792,-0.877
Ecuador,2014,0.54,0.265,0.369,0.343,0.384,2.0,0.877,0.189,0.375,0.0,0.176,0.143,0.344,0.604,0.642,0.7,0.569,0.347,0.458,-1.25,,0,0,1.0,,,2,0,5,-0.792,-1.176
Ecuador,2015,0.534,0.263,0.366,0.344,0.381,2.0,0.893,0.189,0.375,0.0,0.176,0.145,0.344,0.604,0.642,0.706,0.569,0.318,0.458,-1.182,,0,0,1.0,,,2,0,5,-0.83,-1.176
Ecuador,2016,0.543,0.268,0.368,0.347,0.389,2.0,0.893,0.189,0.375,0.0,0.176,0.146,0.333,0.602,0.642,0.706,0.569,0.331,0.458,-1.182,,0,0,1.0,,,2,0,5,-0.772,-1.439
Ecuador,2017,0.555,0.342,0.38,0.438,0.393,2.0,0.923,0.401,0.375,0.0,0.265,0.514,0.431,0.535,0.417,0.622,0.552,0.443,0.379,-1.511,,0,0,1.0,,,2,0,5,-0.201,-1.439
Ecuador,2018,0.643,0.46,0.448,0.493,0.426,2.0,0.948,0.401,0.375,0.333,0.515,0.676,0.507,0.508,0.453,0.64,0.576,0.781,0.368,-1.81,,0,0,1.0,,,2,0,5,0.937,-1.413
Ecuador,2019,0.618,0.45,0.429,0.459,0.405,2.0,0.958,0.401,0.364,0.667,0.527,0.703,0.518,0.508,0.453,0.629,0.549,0.659,0.379,-1.81,,0,0,1.0,,,2,0,,-0.049,-0.321
Ecuador,2020,0.623,0.473,0.437,0.438,0.402,2.0,0.96,0.401,0.35,0.333,0.575,0.78,0.523,0.542,0.473,0.638,0.549,0.722,0.34,-1.81,,0,0,1.0,,,2,0,,0.63,-1.468
Ecuador,2021,0.628,0.458,0.434,0.471,0.381,2.0,0.949,0.401,0.333,0.333,0.537,0.689,0.525,0.592,0.38,0.627,0.573,0.666,0.341,-1.81,,0,0,1.0,,,,,,-0.182,-0.584
Ecuador,2022,0.659,0.5,0.466,0.396,0.386,2.0,0.938,0.401,0.278,0.333,0.568,0.791,0.526,0.606,0.449,0.626,0.569,0.734,0.347,-0.823,,0,0,1.0,,,,,,0.477,-0.504
Ecuador,2023,0.639,0.46,0.49,0.385,0.351,2.0,0.827,0.104,0.278,0.667,0.515,0.788,0.458,0.664,0.531,0.66,0.601,0.73,0.342,-0.823,,0,0,1.0,,,,,,0.474,0.516
Ecuador,2024,0.651,0.446,0.504,0.35,0.309,2.0,0.671,-0.583,0.214,0.333,0.472,0.753,0.429,0.648,0.533,0.651,0.594,0.705,0.36,-0.354,,0,0,1.0,,,,,,0.474,1.054
El Salvador,1960,0.178,0.065,0.107,0.058,0.06,1.0,0.223,0.21,0.4,0.0,0.341,0.028,0.136,0.703,0.93,0.816,0.874,0.454,0.367,-0.619,1,1,1,1.0,,,0,0,0,-0.257,1.045
El Salvador,1961,0.117,0.051,0.094,0.048,0.049,1.0,0.223,0.21,0.9,0.0,0.341,0.028,0.136,0.703,0.93,0.816,0.873,0.454,,-0.619,1,1,1,0.0,,,0,0,-3,-0.257,1.045
El Salvador,1962,0.157,0.061,0.11,0.055,0.056,1.0,0.223,0.21,0.4,0.0,0.341,0.022,0.14,0.703,0.93,0.858,0.879,0.488,0.367,-0.619,0,0,0,1.0,,,0,0,-3,-0.257,1.045
El Salvador,1963,0.188,0.067,0.117,0.06,0.061,1.0,0.233,0.21,0.4,0.0,0.341,0.022,0.14,0.703,0.93,0.858,0.879,0.51,0.367,-0.619,0,0,0,1.0,,,0,0,-3,-0.05,1.211
El Salvador,1964,0.192,0.068,0.118,0.061,0.062,1.0,0.233,0.21,0.4,0.0,0.341,0.022,0.14,0.703,0.93,0.858,0.876,0.51,0.367,-0.619,0,0,0,1.0,,,0,0,-3,-0.05,1.211
El Salvador,1965,0.193,0.068,0.118,0.061,0.062,1.0,0.233,0.21,0.4,0.0,0.341,0.022,0.14,0.703,0.93,0.858,0.876,0.51,0.374,-0.619,0,0,0,1.0,,,0,0,-3,-0.05,1.211
El Salvador,1966,0.192,0.067,0.118,0.066,0.064,1.0,0.201,0.21,0.4,0.0,0.341,0.022,0.14,0.703,0.93,0.858,0.823,0.51,0.374,-0.619,0,0,0,1.0,,,0,0,-3,-0.05,1.211
El Salvador,1967,0.193,0.067,0.118,0.068,0.064,1.0,0.201,0.21,0.4,0.0,0.341,0.022,0.14,0.703,0.93,0.858,0.812,0.51,0.374,-0.619,0,0,0,1.0,,,0,0,-3,-0.05,1.211
El Salvador,1968,0.192,0.065,0.118,0.068,0.065,1.0,0.201,0.21,0.4,0.0,0.341,0.022,0.14,0.703,0.93,0.858,0.821,0.51,0.374,-0.619,0,0,0,1.0,,,0,0,-3,-0.05,1.211
El Salvador,1969,0.192,0.065,0.118,0.068,0.065,1.0,0.187,0.21,0.4,0.0,0.341,0.022,0.14,0.703,0.93,0.858,0.824,0.51,0.374,-0.619,0,0,0,1.0,,,0,0,-3,-0.05,1.211
El Salvador,1970,0.188,0.064,0.122,0.067,0.068,1.0,0.187,0.21,0.4,0.0,0.341,0.022,0.138,0.703,0.93,0.858,0.827,0.465,0.367,-0.619,0,0,0,1.0,,,0,0,-3,-0.464,1.603
El Salvador,1971,0.187,0.064,0.121,0.067,0.068,1.0,0.187,0.21,0.4,0.0,0.341,0.022,0.138,0.703,0.93,0.865,0.828,0.465,0.367,-0.619,0,0,0,1.0,,,0,0,-3,-0.464,1.603
El Salvador,1972,0.182,0.061,0.115,0.054,0.061,1.0,0.171,0.21,0.4,0.0,0.321,0.039,0.106,0.703,0.93,0.865,0.837,0.37,0.341,-0.619,0,0,1,1.0,,,0,0,-3,-0.729,1.994
El Salvador,1973,0.173,0.055,0.107,0.046,0.064,1.0,0.075,0.21,0.4,0.0,0.321,0.022,0.104,0.703,0.93,0.865,0.847,0.315,0.316,-0.619,0,0,0,1.0,,,0,0,-3,-1.286,1.994
El Salvador,1974,0.174,0.055,0.107,0.046,0.064,1.0,0.05,0.21,0.4,0.0,0.321,0.022,0.104,0.703,0.93,0.865,0.86,0.315,0.316,-0.619,0,0,0,1.0,,,0,0,-3,-1.286,1.994
El Salvador,1975,0.174,0.055,0.107,0.046,0.064,1.0,0.05,0.21,0.4,0.0,0.321,0.022,0.104,0.703,0.93,0.865,0.863,0.315,0.316,-0.619,0,0,0,1.0,,,0,0,-3,-1.286,1.994
El Salvador,1976,0.172,0.054,0.106,0.046,0.064,1.0,0.05,0.21,0.4,0.0,0.321,0.022,0.104,0.703,0.93,0.865,0.888,0.315,0.303,-0.619,0,0,0,1.0,,,0,0,-3,-1.286,1.994
El Salvador,1977,0.173,0.055,0.107,0.041,0.064,1.0,0.05,0.21,0.4,0.0,0.321,0.022,0.104,0.703,0.93,0.865,0.868,0.315,0.302,-0.619,0,0,0,1.0,,,0,0,-6,-1.286,2.361
El Salvador,1978,0.172,0.054,0.107,0.04,0.064,1.0,0.033,0.21,0.4,0.0,0.321,0.022,0.104,0.703,0.93,0.865,0.864,0.307,0.302,-0.619,0,0,0,1.0,,,0,0,-6,-1.481,2.361
El Salvador,1979,0.158,0.052,0.106,0.04,0.062,1.0,0.04,0.21,0.8,0.0,0.326,0.027,0.11,0.703,0.882,0.813,0.864,0.307,0.336,-0.619,1,1,1,0.0,,,0,0,0,-1.481,2.361
El Salvador,1980,0.102,0.042,0.097,0.034,0.059,0.0,0.025,0.528,0.9,0.0,0.351,0.027,0.133,0.594,0.839,0.762,0.837,0.28,,-0.619,0,0,0,0.0,,,0,0,0,-2.153,3.902
El Salvador,1981,0.104,0.042,0.101,0.034,0.059,0.0,0.025,0.528,0.9,0.0,0.351,0.027,0.133,0.594,0.839,0.762,0.837,0.28,,-0.619,0,0,0,0.0,,,0,0,0,-2.153,3.902
El Salvador,1982,0.129,0.047,0.106,0.038,0.064,0.0,0.044,0.528,0.4,0.0,0.351,0.118,0.133,0.594,0.839,0.762,0.871,0.28,,-0.619,0,0,0,1.0,,,0,0,0,-2.153,3.902
El Salvador,1983,0.139,0.048,0.109,0.039,0.066,0.0,0.044,0.528,0.4,0.0,0.351,0.118,0.133,0.594,0.839,0.762,0.882,0.281,,-0.619,0,0,0,1.0,,,0,0,0,-1.97,3.902
El Salvador,1984,0.155,0.051,0.113,0.045,0.068,1.0,0.044,0.528,0.4,0.0,0.351,0.118,0.121,0.672,0.863,0.795,0.855,0.281,,-0.619,0,0,0,1.0,,,0,1,6,-1.97,3.902
El Salvador,1985,0.19,0.069,0.133,0.083,0.075,1.0,0.074,0.528,0.4,0.0,0.351,0.118,0.121,0.672,0.863,0.795,0.88,0.281,0.478,-0.619,0,0,0,1.0,,,0,0,6,-1.97,3.902
El Salvador,1986,0.199,0.079,0.136,0.087,0.078,1.0,0.074,0.528,0.4,0.0,0.351,0.174,0.121,0.672,0.863,0.838,0.883,0.281,0.478,-0.619,0,0,0,1.0,,,0,0,6,-1.97,3.902
El Salvador,1987,0.199,0.079,0.136,0.087,0.078,1.0,0.074,0.528,0.4,0.0,0.351,0.174,0.121,0.672,0.863,0.838,0.883,0.281,0.454,-0.619,0,0,0,1.0,,,0,0,6,-1.97,3.902
El Salvador,1988,0.202,0.079,0.143,0.088,0.078,1.0,0.074,0.528,0.4,0.0,0.351,0.174,0.121,0.672,0.863,0.838,0.884,0.281,0.454,-0.619,0,0,0,1.0,,,0,0,6,-1.97,3.902
El Salvador,1989,0.207,0.081,0.144,0.089,0.079,1.0,0.074,0.528,0.3,0.0,0.368,0.167,0.141,0.6,0.84,0.815,0.884,0.293,0.454,-0.619,0,0,0,1.0,,,0,0,6,-1.849,3.902
El Salvador,1990,0.214,0.086,0.146,0.09,0.082,1.0,0.146,0.528,0.2,0.0,0.368,0.177,0.149,0.6,0.84,0.815,0.884,0.293,0.469,-0.619,0,0,0,1.0,,,0,0,6,-1.849,3.902
El Salvador,1991,0.223,0.088,0.154,0.092,0.084,1.0,0.186,0.528,0.2,0.0,0.356,0.177,0.148,0.6,0.84,0.815,0.869,0.328,0.469,-0.619,0,0,0,1.0,,,0,0,6,-1.469,3.902
El Salvador,1992,0.271,0.139,0.179,0.155,0.123,1.0,0.534,0.007,0.2,0.0,0.414,0.271,0.292,0.575,0.685,0.771,0.83,0.437,0.636,-0.803,0,0,0,1.0,,,0,0,6,-0.789,0.912
El Salvador,1993,0.375,0.205,0.231,0.254,0.172,1.0,0.623,0.007,0.2,0.0,0.442,0.277,0.344,0.532,0.685,0.737,0.727,0.768,0.761,-0.803,0,0,0,1.0,,,0,0,6,0.754,-0.188
El Salvador,1994,0.468,0.258,0.276,0.302,0.213,1.0,0.698,0.007,0.2,0.0,0.464,0.329,0.36,0.532,0.668,0.72,0.59,0.785,0.893,-0.803,0,0,0,1.0,,,0,0,7,0.975,-0.188
El Salvador,1995,0.48,0.272,0.297,0.318,0.226,1.0,0.733,0.007,0.2,0.0,0.464,0.4,0.36,0.532,0.668,0.72,0.532,0.781,0.887,-0.803,0,0,0,1.0,,,0,0,7,0.975,-0.188
El Salvador,1996,0.482,0.274,0.3,0.319,0.227,1.0,0.763,0.007,0.2,0.0,0.464,0.4,0.36,0.532,0.668,0.72,0.532,0.793,0.89,-0.803,0,0,0,1.0,,,0,0,7,1.213,-0.188
El Salvador,1997,0.489,0.278,0.305,0.323,0.229,1.0,0.763,0.007,0.2,0.0,0.464,0.4,0.36,0.532,0.668,0.72,0.533,0.817,0.89,-0.803,0,0,0,1.0,,,0,0,7,1.643,-0.188
El Salvador,1998,0.488,0.288,0.305,0.323,0.23,1.0,0.763,0.007,0.1,0.0,0.491,0.4,0.355,0.532,0.668,0.72,0.533,0.817,0.89,-0.803,0,0,0,1.0,,,0,0,7,1.643,-0.188
El Salvador,1999,0.508,0.297,0.313,0.332,0.225,2.0,0.763,0.007,0.1,0.0,0.491,0.4,0.355,0.532,0.668,0.72,0.56,0.817,0.888,-0.803,0,0,0,1.0,,,0,0,7,1.643,-0.188
El Salvador,2000,0.531,0.317,0.327,0.333,0.237,2.0,0.763,0.007,0.1,0.0,0.528,0.4,0.388,0.532,0.668,0.72,0.552,0.817,0.888,-0.803,0,0,0,1.0,,,0,0,7,1.643,-0.188
El Salvador,2001,0.54,0.328,0.333,0.338,0.242,2.0,0.763,0.007,0.1,0.0,0.528,0.446,0.388,0.532,0.668,0.72,0.551,0.817,0.889,-0.803,0,0,0,1.0,,,0,0,7,1.643,-0.188
El Salvador,2002,0.547,0.333,0.335,0.351,0.246,2.0,0.763,0.007,0.1,0.0,0.528,0.446,0.391,0.532,0.668,0.72,0.551,0.817,0.889,-0.803,0,0,0,1.0,,,0,0,7,1.643,-0.188
El Salvador,2003,0.544,0.337,0.335,0.348,0.244,2.0,0.763,0.007,0.1,0.0,0.563,0.446,0.394,0.532,0.668,0.72,0.537,0.817,0.889,-0.803,0,0,0,1.0,,,0,0,7,1.643,-0.29
El Salvador,2004,0.543,0.335,0.332,0.348,0.244,2.0,0.792,0.007,0.1,0.0,0.563,0.446,0.364,0.669,0.673,0.753,0.537,0.817,0.889,-0.803,0,0,0,1.0,,,0,0,7,1.643,-0.29
El Salvador,2005,0.541,0.336,0.332,0.347,0.244,2.0,0.792,0.007,0.208,0.0,0.563,0.45,0.359,0.669,0.704,0.745,0.538,0.817,0.889,-0.803,0,0,0,1.0,,,0,0,7,1.643,-0.29
El Salvador,2006,0.561,0.348,0.343,0.358,0.253,2.0,0.792,0.007,0.208,0.0,0.576,0.45,0.352,0.669,0.704,0.745,0.524,0.817,0.889,-0.803,0,0,0,1.0,,,0,0,7,1.643,-0.494
El Salvador,2007,0.566,0.35,0.345,0.36,0.256,2.0,0.792,0.007,0.208,0.0,0.576,0.45,0.352,0.669,0.704,0.745,0.521,0.817,0.889,-0.803,0,0,0,1.0,,,0,0,7,1.643,-0.494
El Salvador,2008,0.566,0.355,0.346,0.359,0.254,2.0,0.792,0.007,0.208,0.0,0.602,0.45,0.38,0.669,0.677,0.739,0.521,0.817,0.889,-0.803,0,0,0,1.0,,,0,0,7,1.643,-0.494
El Salvador,2009,0.597,0.399,0.369,0.447,0.277,2.0,0.792,0.007,0.208,0.0,0.626,0.591,0.398,0.657,0.607,0.717,0.492,0.834,0.879,-0.803,,0,0,1.0,,,0,0,8,1.762,-0.494
El Salvador,2010,0.619,0.427,0.387,0.463,0.292,2.0,0.792,0.007,0.208,0.0,0.659,0.632,0.413,0.657,0.607,0.692,0.51,0.874,0.876,-0.803,,0,0,1.0,,,0,0,8,2.1,-0.494
El Salvador,2011,0.619,0.427,0.389,0.454,0.292,2.0,0.792,0.007,0.208,0.0,0.659,0.632,0.413,0.657,0.607,0.692,0.51,0.874,0.876,-0.803,,0,0,1.0,,,0,0,8,2.1,-0.494
El Salvador,2012,0.624,0.438,0.39,0.457,0.295,2.0,0.785,0.007,0.208,0.0,0.691,0.632,0.421,0.657,0.607,0.692,0.506,0.874,0.88,-0.803,,0,0,1.0,,,0,0,8,2.1,-0.494
El Salvador,2013,0.622,0.439,0.391,0.426,0.302,2.0,0.785,0.007,0.3,0.0,0.69,0.661,0.478,0.582,0.452,0.624,0.511,0.858,0.88,-0.803,,0,0,1.0,,,0,0,8,1.705,-0.494
El Salvador,2014,0.666,0.47,0.412,0.464,0.324,2.0,0.778,0.007,0.3,0.0,0.69,0.661,0.485,0.582,0.388,0.608,0.474,0.858,0.88,-0.803,,0,0,1.0,,,0,0,8,1.705,-0.494
El Salvador,2015,0.661,0.465,0.409,0.467,0.322,2.0,0.778,0.007,0.3,0.0,0.69,0.661,0.487,0.582,0.374,0.603,0.485,0.858,0.897,-0.803,,0,0,1.0,,,0,0,8,1.705,-0.494
El Salvador,2016,0.666,0.469,0.413,0.452,0.324,2.0,0.779,0.007,0.25,0.0,0.672,0.673,0.474,0.602,0.374,0.609,0.488,0.858,0.897,-0.803,,0,0,1.0,,,0,0,8,1.705,-0.494
El Salvador,2017,0.671,0.469,0.418,0.447,0.327,2.0,0.708,0.007,0.3,0.0,0.659,0.688,0.457,0.628,0.431,0.628,0.488,0.858,0.897,-0.803,,0,0,1.0,,,0,0,8,1.705,-0.494
El Salvador,2018,0.635,0.432,0.4,0.414,0.297,2.0,0.685,0.007,0.312,0.0,0.631,0.662,0.393,0.702,0.582,0.685,0.428,0.899,0.894,-0.803,,0,0,1.0,,,0,0,8,2.037,-0.494
El Salvador,2019,0.594,0.393,0.351,0.3,0.287,2.0,0.7,0.007,0.429,0.333,0.582,0.655,0.412,0.661,0.484,0.598,0.364,0.775,0.857,-0.803,,0,0,1.0,,,0,0,,1.002,-0.494
El Salvador,2020,0.522,0.314,0.303,0.233,0.25,2.0,0.63,-0.154,0.357,0.0,0.483,0.615,0.309,0.667,0.619,0.668,0.383,0.702,0.856,-0.803,,0,0,1.0,,,0,0,,0.623,0.019
El Salvador,2021,0.409,0.163,0.24,0.154,0.2,1.0,0.51,-0.435,0.357,0.0,0.086,0.285,0.152,0.667,0.646,0.711,0.467,0.609,0.877,-0.166,,0,0,1.0,,,,,,0.279,0.406
El Salvador,2022,0.381,0.118,0.224,0.143,0.163,1.0,0.354,-0.512,0.357,0.0,0.076,0.116,0.131,0.667,0.604,0.747,0.508,0.556,0.864,0.013,,0,0,1.0,,,,,,-0.246,0.406
El Salvador,2023,0.38,0.109,0.221,0.143,0.168,1.0,0.484,-0.686,0.357,0.0,0.04,0.097,0.113,0.667,0.604,0.696,0.508,0.574,0.864,-0.23,,0,0,1.0,,,,,,-0.246,0.333
El Salvador,2024,0.339,0.092,0.2,0.135,0.134,1.0,0.357,-0.692,0.167,0.0,0.023,0.053,0.098,0.609,0.604,0.681,0.558,0.511,0.845,-0.352,,0,0,1.0,,,,,,-0.766,0.663
Guatemala,1960,0.154,0.078,0.105,0.043,0.046,0.0,0.112,-1.514,0.3,0.0,0.556,0.071,0.121,0.82,0.898,0.835,0.762,0.262,0.472,-1.413,0,0,1,1.0,,,1,0,-5,-1.056,1.751
Guatemala,1961,0.157,0.078,0.1,0.043,0.046,0.0,0.112,-1.514,0.3,0.0,0.556,0.071,0.121,0.82,0.898,0.835,0.763,0.251,0.472,-1.413,0,0,0,1.0,,,1,0,-5,-1.341,1.751
Guatemala,1962,0.155,0.076,0.1,0.042,0.046,0.0,0.112,-1.514,0.3,0.0,0.549,0.071,0.122,0.806,0.898,0.831,0.769,0.25,0.472,-1.413,0,0,1,1.0,,,1,0,-5,-1.207,1.751
Guatemala,1963,0.101,0.058,0.085,0.028,0.038,0.0,0.063,-1.514,0.8,0.0,0.529,0.061,0.134,0.731,0.845,0.826,0.769,0.25,,-1.413,1,1,1,0.0,,,2,-1,-5,-1.207,2.283
Guatemala,1964,0.087,0.054,0.078,0.026,0.038,0.0,0.058,-0.026,0.7,0.0,0.527,0.045,0.141,0.731,0.845,0.803,0.772,0.25,,-1.413,0,0,0,0.0,,,2,0,-5,-1.207,2.283
Guatemala,1965,0.084,0.054,0.076,0.026,0.037,0.0,0.058,-0.026,0.7,0.0,0.527,0.045,0.141,0.731,0.845,0.803,0.774,0.25,,-1.413,0,0,0,0.0,,,2,0,-5,-1.207,2.283
Guatemala,1966,0.128,0.079,0.092,0.058,0.043,1.0,0.113,-0.026,0.2,0.0,0.553,0.162,0.147,0.754,0.854,0.813,0.793,0.301,0.477,-1.413,0,0,0,1.0,,,2,1,3,-1.052,2.283
Guatemala,1967,0.184,0.089,0.113,0.075,0.052,1.0,0.141,-0.026,0.2,0.0,0.559,0.099,0.171,0.754,0.854,0.808,0.797,0.351,0.477,-1.413,0,0,0,1.0,,,2,0,3,-0.9,2.446
Guatemala,1968,0.183,0.088,0.113,0.075,0.052,1.0,0.093,-0.026,0.2,0.0,0.559,0.099,0.165,0.754,0.854,0.808,0.797,0.351,0.477,-1.413,0,0,0,1.0,,,2,0,3,-0.9,2.446
Guatemala,1969,0.183,0.087,0.113,0.075,0.052,1.0,0.066,-0.026,0.2,0.0,0.559,0.099,0.165,0.754,0.854,0.808,0.797,0.351,0.477,-1.413,0,0,0,1.0,,,2,0,3,-0.9,2.446
Guatemala,1970,0.176,0.08,0.103,0.073,0.051,1.0,0.086,-0.026,0.2,0.0,0.522,0.094,0.138,0.754,0.873,0.814,0.787,0.253,0.477,-1.413,0,0,0,1.0,,,3,-1,1,-1.362,2.802
Guatemala,1971,0.171,0.078,0.093,0.075,0.05,1.0,0.086,-0.026,0.2,0.0,0.508,0.094,0.133,0.754,0.873,0.814,0.785,0.173,0.477,-1.413,0,0,0,1.0,,,3,0,1,-1.848,2.802
Guatemala,1972,0.171,0.078,0.093,0.075,0.05,1.0,0.086,-0.026,0.2,0.0,0.508,0.094,0.133,0.754,0.873,0.814,0.785,0.173,0.477,-1.413,0,0,0,1.0,,,3,0,1,-1.848,2.802
Guatemala,1973,0.172,0.078,0.093,0.075,0.05,1.0,0.086,-0.026,0.2,0.0,0.508,0.094,0.131,0.754,0.873,0.814,0.785,0.184,0.477,-1.413,0,0,0,1.0,,,3,0,1,-1.594,2.802
Guatemala,1974,0.173,0.077,0.103,0.055,0.05,1.0,0.051,-0.026,0.3,0.0,0.508,0.094,0.125,0.733,0.873,0.809,0.798,0.261,0.477,-1.413,0,0,0,1.0,,,3,0,-3,-1.414,2.802
Guatemala,1975,0.174,0.079,0.113,0.055,0.05,1.0,0.071,-0.026,0.3,0.0,0.521,0.094,0.135,0.733,0.873,0.809,0.8,0.291,0.477,-1.413,0,0,0,1.0,,,3,0,-3,-1.236,2.802
Guatemala,1976,0.172,0.078,0.112,0.062,0.05,1.0,0.047,-0.026,0.3,0.0,0.521,0.094,0.135,0.733,0.873,0.809,0.8,0.232,0.477,-1.413,0,0,0,1.0,,,3,0,-3,-1.236,2.802
Guatemala,1977,0.169,0.077,0.108,0.062,0.049,1.0,0.034,-0.026,0.3,0.0,0.521,0.094,0.127,0.733,0.873,0.809,0.8,0.231,0.477,-1.413,0,0,0,1.0,,,3,0,-3,-1.387,2.802
Guatemala,1978,0.165,0.067,0.107,0.05,0.047,1.0,0.032,-0.026,0.2,0.0,0.492,0.031,0.092,0.841,0.894,0.815,0.795,0.167,0.477,-1.413,0,0,0,1.0,,,3,0,-5,-2.436,2.802
Guatemala,1979,0.163,0.067,0.101,0.05,0.047,1.0,0.025,-0.026,0.2,0.0,0.492,0.031,0.09,0.841,0.894,0.815,0.794,0.135,0.477,-1.413,0,0,0,1.0,,,3,0,-5,-2.998,2.802
Guatemala,1980,0.163,0.066,0.098,0.05,0.047,1.0,0.025,-0.026,0.2,0.0,0.492,0.031,0.085,0.841,0.894,0.815,0.794,0.118,0.477,-1.413,0,0,0,1.0,,,3,0,-5,-2.998,2.802
Guatemala,1981,0.163,0.066,0.098,0.044,0.047,1.0,0.025,-0.026,0.2,0.0,0.492,0.031,0.094,0.821,0.879,0.805,0.79,0.118,0.477,-1.413,0,0,0,1.0,,,3,0,-5,-2.998,2.802
Guatemala,1982,0.11,0.05,0.079,0.037,0.039,1.0,0.025,-0.026,0.8,0.0,0.433,0.096,0.084,0.821,0.868,0.817,0.792,0.095,0.477,-1.413,1,1,1,0.0,,,3,0,-7,-2.972,2.802
Guatemala,1983,0.095,0.048,0.071,0.043,0.037,0.0,0.031,-0.026,0.8,0.0,0.467,0.116,0.117,0.744,0.761,0.732,0.539,0.068,,-1.413,1,1,1,0.0,,,3,0,-7,-3.076,2.802
Guatemala,1984,0.126,0.054,0.088,0.05,0.045,0.0,0.047,-0.026,0.8,0.0,0.473,0.16,0.119,0.744,0.771,0.78,0.584,0.212,,-1.413,0,0,0,0.0,,,3,0,-6,-1.155,2.802
Guatemala,1985,0.15,0.066,0.125,0.067,0.053,1.0,0.067,-0.628,0.8,0.0,0.552,0.16,0.151,0.744,0.771,0.78,0.631,0.456,,-1.88,0,0,0,0.0,,,3,0,-1,-0.401,2.802
Guatemala,1986,0.343,0.165,0.198,0.2,0.106,1.0,0.172,-0.83,0.4,0.0,0.624,0.321,0.197,0.858,0.772,0.816,0.62,0.611,0.546,-1.88,0,0,0,1.0,,,3,1,3,0.044,2.802
Guatemala,1987,0.367,0.199,0.236,0.225,0.114,1.0,0.205,-0.83,0.4,0.0,0.624,0.463,0.251,0.858,0.772,0.85,0.62,0.723,0.546,-1.88,0,0,0,1.0,,,3,0,3,0.044,2.802
Guatemala,1988,0.367,0.199,0.236,0.225,0.129,1.0,0.205,-0.83,0.4,0.0,0.624,0.463,0.251,0.858,0.772,0.85,0.62,0.723,0.546,-1.88,0,0,1,1.0,,,3,0,3,0.044,2.802
Guatemala,1989,0.367,0.199,0.236,0.225,0.129,1.0,0.205,-0.83,0.4,0.0,0.624,0.463,0.251,0.858,0.772,0.85,0.62,0.723,0.546,-1.88,0,0,1,1.0,,,3,0,3,0.044,2.802
Guatemala,1990,0.369,0.206,0.247,0.226,0.136,1.0,0.205,-0.83,0.4,0.333,0.624,0.518,0.257,0.858,0.772,0.85,0.629,0.753,0.494,-1.88,0,0,0,1.0,,,3,0,3,0.044,2.802
Guatemala,1991,0.386,0.211,0.248,0.234,0.15,1.0,0.205,-0.83,0.4,0.333,0.624,0.518,0.243,0.858,0.772,0.85,0.545,0.732,0.494,-1.88,0,0,0,1.0,,,3,0,3,0.044,2.802
Guatemala,1992,0.386,0.211,0.247,0.238,0.15,1.0,0.205,-0.83,0.4,0.333,0.624,0.518,0.243,0.858,0.772,0.85,0.545,0.732,0.494,-1.88,0,0,0,1.0,,,3,0,3,0.044,2.802
Guatemala,1993,0.388,0.22,0.249,0.238,0.151,1.0,0.21,-0.83,0.4,0.333,0.624,0.553,0.277,0.832,0.711,0.81,0.545,0.732,0.494,-1.88,1,0,0,0.0,,,3,0,3,0.044,2.802
Guatemala,1994,0.402,0.235,0.282,0.244,0.155,1.0,0.214,-0.83,0.4,0.333,0.624,0.623,0.279,0.832,0.689,0.806,0.561,0.784,0.481,-1.88,0,0,0,0.0,,,3,0,3,0.326,2.802
Guatemala,1995,0.414,0.244,0.287,0.263,0.159,1.0,0.232,-0.83,0.4,0.333,0.665,0.623,0.294,0.832,0.689,0.806,0.726,0.784,0.4,-1.88,0,0,0,0.0,,,3,0,3,0.326,2.802
Guatemala,1996,0.452,0.265,0.308,0.309,0.184,1.0,0.232,-0.83,0.4,0.333,0.665,0.565,0.341,0.765,0.64,0.777,0.726,0.826,0.439,-1.88,0,0,0,1.0,,,3,0,8,1.079,2.802
Guatemala,1997,0.491,0.287,0.313,0.356,0.197,1.0,0.353,0.057,0.3,0.333,0.606,0.565,0.354,0.765,0.64,0.777,0.715,0.87,0.439,-1.361,0,0,0,1.0,,,3,0,8,1.464,0.101
Guatemala,1998,0.491,0.288,0.313,0.356,0.197,1.0,0.353,0.057,0.3,0.333,0.606,0.565,0.354,0.765,0.64,0.777,0.715,0.87,0.439,-1.361,0,0,0,1.0,,,3,0,8,1.464,0.101
Guatemala,1999,0.493,0.29,0.313,0.377,0.198,1.0,0.331,0.057,0.3,0.333,0.609,0.582,0.346,0.782,0.664,0.792,0.718,0.87,0.418,-1.361,0,0,0,1.0,,,3,0,8,1.464,0.101
Guatemala,2000,0.546,0.364,0.336,0.374,0.222,2.0,0.578,0.057,0.3,0.333,0.62,0.686,0.332,0.833,0.746,0.819,0.753,0.87,0.36,-1.361,0,0,0,1.0,,,3,0,8,1.464,0.101
Guatemala,2001,0.546,0.365,0.336,0.374,0.222,2.0,0.578,0.057,0.3,0.333,0.62,0.686,0.335,0.833,0.746,0.819,0.753,0.87,0.36,-1.361,0,0,0,1.0,,,3,0,8,1.464,0.101
Guatemala,2002,0.546,0.366,0.336,0.374,0.222,2.0,0.578,0.057,0.3,0.333,0.62,0.686,0.333,0.833,0.746,0.819,0.753,0.87,0.36,-1.361,0,0,0,1.0,,,3,0,8,1.464,0.101
Guatemala,2003,0.548,0.367,0.338,0.375,0.223,2.0,0.578,0.057,0.3,0.333,0.62,0.686,0.333,0.833,0.746,0.819,0.749,0.87,0.36,-1.361,0,0,0,1.0,,,3,0,8,1.464,0.101
Guatemala,2004,0.562,0.38,0.343,0.385,0.229,2.0,0.619,0.057,0.3,0.333,0.62,0.712,0.356,0.73,0.752,0.796,0.723,0.87,0.34,-1.361,0,0,0,1.0,,,3,0,8,1.464,0.101
Guatemala,2005,0.562,0.381,0.341,0.385,0.229,2.0,0.619,0.057,0.318,0.333,0.62,0.718,0.356,0.73,0.752,0.796,0.723,0.87,0.34,-1.361,0,0,0,1.0,,,3,0,8,1.464,0.101
Guatemala,2006,0.562,0.379,0.339,0.385,0.229,2.0,0.619,0.057,0.318,0.333,0.62,0.718,0.356,0.73,0.752,0.796,0.723,0.87,0.342,-1.361,0,0,0,1.0,,,3,0,8,1.464,0.101
Guatemala,2007,0.568,0.391,0.341,0.387,0.231,2.0,0.619,0.057,0.318,0.333,0.62,0.756,0.356,0.73,0.752,0.796,0.739,0.87,0.342,-1.361,0,0,0,1.0,,,3,0,8,1.464,0.101
Guatemala,2008,0.588,0.405,0.353,0.402,0.244,2.0,0.623,0.057,0.318,0.333,0.62,0.756,0.371,0.713,0.737,0.79,0.773,0.87,0.354,-1.361,0,0,0,1.0,,,3,0,8,1.464,0.101
Guatemala,2009,0.588,0.405,0.35,0.401,0.245,2.0,0.623,0.057,0.318,0.333,0.62,0.756,0.372,0.713,0.737,0.79,0.771,0.87,0.346,-1.361,,0,0,1.0,,,3,0,8,1.464,0.101
Guatemala,2010,0.583,0.399,0.346,0.393,0.24,2.0,0.623,0.057,0.318,0.333,0.616,0.756,0.363,0.713,0.737,0.787,0.783,0.87,0.346,-1.361,,0,0,1.0,,,3,0,8,1.464,0.101
Guatemala,2011,0.583,0.393,0.343,0.389,0.24,2.0,0.623,0.057,0.318,0.333,0.609,0.725,0.366,0.713,0.737,0.788,0.786,0.87,0.346,-1.361,,0,0,1.0,,,3,0,8,1.464,0.101
Guatemala,2012,0.578,0.392,0.341,0.373,0.233,2.0,0.623,0.057,0.318,0.333,0.609,0.713,0.371,0.713,0.732,0.788,0.789,0.87,0.351,-1.361,,0,0,1.0,,,3,0,8,1.464,0.101
Guatemala,2013,0.573,0.405,0.335,0.37,0.228,2.0,0.623,0.057,0.25,0.0,0.699,0.757,0.39,0.677,0.818,0.798,0.789,0.846,0.342,-1.361,,0,0,1.0,,,3,0,8,1.464,0.101
Guatemala,2014,0.58,0.413,0.336,0.372,0.234,2.0,0.623,0.057,0.25,0.0,0.736,0.757,0.395,0.677,0.818,0.798,0.789,0.846,0.342,-1.361,,0,0,1.0,,,3,0,8,1.464,0.101
Guatemala,2015,0.595,0.433,0.348,0.383,0.243,2.0,0.623,0.057,0.25,0.0,0.751,0.784,0.425,0.677,0.807,0.752,0.785,0.846,0.347,-1.361,,0,0,1.0,,,3,0,8,1.464,0.101
Guatemala,2016,0.626,0.453,0.365,0.381,0.26,2.0,0.632,-0.855,0.25,0.0,0.737,0.784,0.456,0.561,0.774,0.72,0.778,0.846,0.347,-1.361,,0,0,1.0,,,3,0,8,1.464,0.101
Guatemala,2017,0.629,0.459,0.362,0.387,0.253,2.0,0.646,-0.855,0.167,0.0,0.761,0.753,0.46,0.589,0.803,0.734,0.757,0.851,0.354,-1.361,,0,0,1.0,,,3,0,8,1.578,0.035
Guatemala,2018,0.599,0.415,0.347,0.305,0.247,2.0,0.669,-0.855,0.278,0.0,0.725,0.698,0.368,0.72,0.864,0.779,0.757,0.835,0.321,-1.361,,0,0,1.0,,,3,0,8,1.257,0.035
Guatemala,2019,0.604,0.421,0.35,0.338,0.24,2.0,0.696,-0.461,0.188,0.0,0.687,0.709,0.373,0.696,0.838,0.769,0.812,0.856,0.304,-1.361,,0,0,1.0,,,3,0,,0.923,0.035
Guatemala,2020,0.587,0.406,0.358,0.33,0.243,2.0,0.705,-0.461,0.188,0.0,0.699,0.688,0.376,0.687,0.798,0.757,0.772,0.774,0.323,-1.361,,0,0,1.0,,,3,0,,0.53,0.067
Guatemala,2021,0.549,0.359,0.328,0.31,0.214,2.0,0.705,-0.461,0.143,0.0,0.647,0.569,0.353,0.687,0.795,0.756,0.795,0.713,0.32,-1.361,,0,0,1.0,,,,,,0.445,0.482
Guatemala,2022,0.507,0.309,0.292,0.29,0.196,2.0,0.705,-0.461,0.214,0.0,0.578,0.488,0.293,0.739,0.808,0.762,0.795,0.681,0.315,-1.854,,0,0,1.0,,,,,,0.255,0.539
Guatemala,2023,0.505,0.303,0.285,0.28,0.205,2.0,0.718,-0.461,0.0,0.0,0.541,0.486,0.265,0.739,0.839,0.769,0.817,0.681,0.289,-1.656,,0,0,1.0,,,,,,0.255,0.497
Guatemala,2024,0.597,0.469,0.386,0.387,0.261,2.0,0.699,-0.461,0.167,0.333,0.921,0.828,0.572,0.627,0.29,0.707,0.807,0.778,0.272,-1.656,,0,0,1.0,,,,,,0.915,0.439
Guyana,1960,0.298,0.214,0.16,0.191,0.152,0.0,0.64,0.262,0.0,0.333,0.688,0.225,0.749,0.119,0.243,0.133,0.429,0.685,0.463,-0.263,,,,0.0,,,,,,1.341,-1.271
Guyana,1961,0.295,0.213,0.159,0.19,0.151,0.0,0.64,0.262,0.0,0.167,0.688,0.225,0.749,0.119,0.243,0.133,0.436,0.685,0.463,-0.263,,,,0.0,,,,,,1.341,-0.827
Guyana,1962,0.29,0.208,0.157,0.188,0.15,0.0,0.558,0.262,0.0,0.167,0.688,0.225,0.749,0.119,0.243,0.133,0.45,0.651,0.463,-0.263,,,,0.0,,,,,,1.137,-0.827
Guyana,1963,0.29,0.208,0.157,0.188,0.15,0.0,0.558,0.262,0.0,0.167,0.688,0.225,0.749,0.119,0.243,0.133,0.45,0.651,0.463,-0.263,,,,0.0,,,,,,1.137,-0.827
Guyana,1964,0.289,0.211,0.157,0.188,0.15,0.0,0.558,0.262,0.0,0.167,0.708,0.225,0.721,0.233,0.325,0.239,0.554,0.651,0.398,-0.585,0,,,0.0,,,,,,1.137,-0.827
Guyana,1965,0.274,0.205,0.151,0.144,0.145,0.0,0.558,0.262,0.0,0.0,0.708,0.225,0.721,0.233,0.325,0.239,0.563,0.637,0.533,-0.585,0,,,0.0,,,,,,1.137,-1.027
Guyana,1966,0.284,0.195,0.166,0.145,0.172,1.0,0.529,0.262,0.0,0.0,0.668,0.146,0.583,0.447,0.628,0.364,0.563,0.738,0.533,-0.585,0,0,0,0.0,,,0,0,2,1.137,-1.027
Guyana,1967,0.421,0.259,0.22,0.188,0.281,1.0,0.703,0.262,0.0,0.0,0.661,0.135,0.589,0.447,0.628,0.364,0.63,0.79,0.51,-0.585,0,0,0,0.0,,,0,0,2,1.344,-1.027
Guyana,1968,0.408,0.252,0.21,0.182,0.279,1.0,0.703,0.262,0.0,0.0,0.661,0.135,0.589,0.447,0.628,0.364,0.633,0.75,0.51,-0.585,0,0,0,0.0,,,0,0,1,0.895,-1.027
Guyana,1969,0.339,0.222,0.181,0.158,0.247,1.0,0.703,0.262,0.0,0.0,0.661,0.135,0.589,0.447,0.628,0.364,0.704,0.727,0.51,-0.585,0,0,0,0.0,,,0,0,1,0.895,-1.027
Guyana,1970,0.322,0.213,0.196,0.151,0.249,1.0,0.703,0.262,0.0,0.0,0.709,0.098,0.584,0.447,0.655,0.432,0.593,0.579,0.575,0.471,0,0,0,0.0,,,0,0,1,0.213,-0.496
Guyana,1971,0.321,0.213,0.196,0.15,0.249,1.0,0.703,0.262,0.0,0.0,0.709,0.098,0.584,0.447,0.655,0.432,0.593,0.581,0.575,0.471,0,0,0,0.0,,,0,0,1,0.213,-0.496
Guyana,1972,0.315,0.21,0.194,0.149,0.247,1.0,0.703,0.262,0.0,0.0,0.709,0.098,0.584,0.447,0.655,0.432,0.593,0.581,0.575,0.471,0,0,0,0.0,,,0,0,1,0.213,-0.496
Guyana,1973,0.306,0.207,0.19,0.145,0.242,1.0,0.703,0.262,0.0,0.0,0.709,0.098,0.584,0.447,0.655,0.432,0.59,0.565,0.575,0.471,0,0,0,0.0,,,0,0,1,0.213,-0.496
Guyana,1974,0.298,0.201,0.187,0.143,0.238,1.0,0.643,0.262,0.0,0.0,0.709,0.098,0.584,0.447,0.655,0.432,0.587,0.565,0.575,0.471,0,0,0,0.0,,,0,0,1,0.213,-0.496
Guyana,1975,0.298,0.201,0.187,0.136,0.238,1.0,0.643,0.262,0.0,0.0,0.709,0.098,0.584,0.447,0.655,0.432,0.587,0.565,0.575,0.471,0,0,0,0.0,,,0,0,1,0.213,-0.496
Guyana,1976,0.294,0.199,0.185,0.134,0.236,1.0,0.643,0.262,0.0,0.0,0.709,0.098,0.584,0.447,0.655,0.432,0.587,0.565,0.575,0.471,0,0,0,0.0,,,0,0,1,0.213,-0.496
Guyana,1977,0.287,0.198,0.183,0.133,0.235,1.0,0.703,0.262,0.0,0.0,0.709,0.098,0.584,0.447,0.655,0.432,0.587,0.558,0.575,0.471,0,0,0,0.0,,,0,0,1,0.009,-0.496
Guyana,1978,0.285,0.197,0.19,0.131,0.233,1.0,0.703,0.262,0.0,0.0,0.709,0.098,0.584,0.447,0.655,0.432,0.587,0.553,0.575,0.471,0,0,0,0.0,,,0,0,0,0.009,-0.496
Guyana,1979,0.285,0.197,0.19,0.131,0.233,1.0,0.703,0.262,0.0,0.0,0.709,0.098,0.584,0.447,0.655,0.432,0.587,0.553,0.575,0.471,0,0,0,0.0,,,0,0,0,0.009,-0.496
Guyana,1980,0.27,0.181,0.189,0.127,0.228,1.0,0.394,0.262,0.125,0.0,0.678,0.098,0.455,0.641,0.822,0.519,0.587,0.553,0.67,0.471,0,0,0,0.0,,,0,0,-7,0.009,-0.358
Guyana,1981,0.248,0.175,0.156,0.12,0.223,1.0,0.471,0.262,0.25,0.333,0.678,0.098,0.477,0.641,0.736,0.498,0.551,0.43,0.67,0.471,0,0,0,0.0,,,0,0,-7,-0.552,-0.358
Guyana,1982,0.248,0.175,0.156,0.127,0.223,1.0,0.471,0.262,0.25,0.333,0.678,0.098,0.477,0.641,0.736,0.498,0.551,0.43,0.67,0.471,0,0,0,0.0,,,0,0,-7,-0.552,-0.358
Guyana,1983,0.248,0.175,0.155,0.127,0.223,1.0,0.471,0.262,0.25,0.333,0.678,0.098,0.477,0.641,0.736,0.498,0.551,0.43,0.67,0.471,0,0,0,0.0,,,0,0,-7,-0.552,-0.358
Guyana,1984,0.25,0.177,0.155,0.127,0.224,1.0,0.471,0.262,0.25,0.333,0.678,0.098,0.477,0.641,0.736,0.498,0.551,0.43,0.67,0.471,0,0,0,0.0,,,0,0,-7,-0.552,-0.358
Guyana,1985,0.245,0.177,0.15,0.122,0.222,1.0,0.471,0.262,0.25,0.333,0.699,0.098,0.5,0.641,0.736,0.498,0.549,0.43,0.67,0.471,0,0,0,0.0,,,0,0,-7,-0.552,-0.358
Guyana,1986,0.284,0.201,0.195,0.131,0.234,1.0,0.715,0.262,0.25,0.333,0.699,0.125,0.515,0.702,0.699,0.506,0.519,0.584,0.67,0.171,0,0,0,0.0,,,0,0,-7,0.569,-1.003
Guyana,1987,0.295,0.205,0.199,0.135,0.236,1.0,0.715,0.262,0.25,0.333,0.699,0.125,0.515,0.702,0.699,0.506,0.519,0.612,0.67,0.171,0,0,0,0.0,,,0,0,-7,0.756,-1.241
Guyana,1988,0.3,0.209,0.199,0.135,0.244,1.0,0.715,0.262,0.25,0.333,0.699,0.125,0.515,0.702,0.699,0.506,0.519,0.612,0.67,0.171,0,0,0,0.0,,,0,0,-7,0.756,-1.241
Guyana,1989,0.301,0.21,0.199,0.129,0.244,1.0,0.715,0.262,0.25,0.333,0.699,0.125,0.515,0.702,0.699,0.506,0.519,0.641,0.67,0.171,0,0,0,0.0,,,0,0,-7,0.756,-1.241
Guyana,1990,0.317,0.219,0.225,0.135,0.247,1.0,0.715,0.262,0.25,0.333,0.699,0.125,0.498,0.702,0.699,0.535,0.519,0.74,0.69,-0.823,0,0,0,0.0,,,0,0,-7,0.756,-1.241
Guyana,1991,0.313,0.216,0.223,0.133,0.246,1.0,0.715,0.262,0.25,0.333,0.699,0.125,0.498,0.702,0.699,0.535,0.519,0.74,0.69,-0.823,0,0,0,0.0,,,0,0,-7,0.756,-1.241
Guyana,1992,0.356,0.256,0.233,0.148,0.271,1.0,0.715,0.262,0.25,0.333,0.699,0.313,0.498,0.702,0.699,0.535,0.517,0.761,0.69,-0.823,0,0,0,0.0,,,0,1,6,1.154,-1.187
Guyana,1993,0.445,0.3,0.239,0.185,0.318,1.0,0.715,0.262,0.25,0.333,0.699,0.313,0.577,0.504,0.536,0.451,0.51,0.717,0.69,-1.001,0,0,0,0.0,,,0,0,6,0.391,-1.25
Guyana,1994,0.445,0.305,0.234,0.2,0.318,1.0,0.715,0.262,0.25,0.333,0.73,0.313,0.618,0.334,0.536,0.435,0.51,0.717,0.69,-1.001,0,0,0,0.0,,,0,0,6,0.391,-1.25
Guyana,1995,0.445,0.305,0.23,0.2,0.318,1.0,0.715,0.262,0.25,0.333,0.73,0.313,0.618,0.334,0.536,0.435,0.51,0.717,0.69,-1.001,0,0,0,0.0,,,0,0,6,0.391,-1.25
Guyana,1996,0.445,0.305,0.231,0.2,0.318,1.0,0.715,0.262,0.25,0.333,0.73,0.313,0.618,0.334,0.536,0.435,0.51,0.717,0.69,-1.001,0,0,0,0.0,,,0,0,6,0.391,-1.25
Guyana,1997,0.453,0.309,0.234,0.202,0.31,1.0,0.715,0.262,0.25,0.333,0.735,0.313,0.509,0.536,0.829,0.555,0.51,0.717,0.69,-1.001,0,0,0,0.0,,,0,0,6,0.391,-1.239
Guyana,1998,0.53,0.345,0.324,0.223,0.365,2.0,0.715,0.262,0.25,0.333,0.692,0.313,0.525,0.548,0.756,0.513,0.49,0.783,0.69,-1.001,0,0,0,0.0,,,0,0,6,0.539,-0.92
Guyana,1999,0.529,0.345,0.324,0.233,0.365,2.0,0.715,0.262,0.25,0.333,0.692,0.313,0.534,0.548,0.661,0.487,0.49,0.783,0.69,-1.001,0,0,0,0.0,,,0,0,6,0.539,-1.323
Guyana,2000,0.527,0.34,0.322,0.254,0.369,2.0,0.566,0.262,0.25,0.333,0.714,0.313,0.513,0.548,0.661,0.559,0.49,0.856,0.69,-1.001,0,0,0,0.0,,,0,0,6,0.539,-1.323
Guyana,2001,0.555,0.356,0.339,0.312,0.388,2.0,0.51,0.262,0.25,0.333,0.682,0.35,0.501,0.548,0.661,0.559,0.458,0.856,0.69,-1.001,0,0,0,0.0,,,0,0,6,0.539,-1.059
Guyana,2002,0.568,0.362,0.346,0.321,0.382,2.0,0.57,0.262,0.25,0.333,0.663,0.35,0.487,0.548,0.661,0.559,0.464,0.856,0.69,-1.001,0,0,0,0.0,,,0,0,6,0.539,-0.443
Guyana,2003,0.585,0.373,0.356,0.329,0.397,2.0,0.57,0.262,0.25,0.333,0.663,0.35,0.487,0.548,0.661,0.559,0.464,0.87,0.69,-1.001,0,0,0,0.0,,,0,0,6,0.974,-0.443
Guyana,2004,0.585,0.372,0.356,0.329,0.406,2.0,0.57,0.262,0.25,0.333,0.663,0.35,0.487,0.548,0.661,0.559,0.464,0.87,0.69,-1.001,0,0,0,0.0,,,0,0,6,0.974,-0.904
Guyana,2005,0.585,0.371,0.356,0.329,0.406,2.0,0.57,0.262,0.143,0.333,0.663,0.35,0.478,0.548,0.661,0.559,0.464,0.87,0.69,-1.359,0,0,0,0.0,,,0,0,6,0.974,-0.904
Guyana,2006,0.582,0.371,0.353,0.327,0.405,2.0,0.583,0.262,0.143,0.333,0.663,0.35,0.478,0.548,0.661,0.559,0.473,0.87,0.69,-0.993,0,0,0,0.0,,,0,0,6,0.974,-0.904
Guyana,2007,0.582,0.371,0.354,0.329,0.405,2.0,0.583,0.262,0.143,0.333,0.663,0.35,0.478,0.548,0.661,0.559,0.491,0.87,0.69,-0.993,0,0,0,0.0,,,0,0,6,0.974,-0.904
Guyana,2008,0.583,0.369,0.354,0.329,0.402,2.0,0.583,0.262,0.143,0.333,0.663,0.35,0.478,0.548,0.661,0.559,0.491,0.877,0.69,-0.993,0,0,0,0.0,,,0,0,6,1.069,-1.055
Guyana,2009,0.583,0.372,0.358,0.329,0.404,2.0,0.577,0.262,0.143,0.333,0.663,0.35,0.478,0.548,0.661,0.559,0.491,0.885,0.69,-0.993,,0,0,0.0,,,0,0,6,1.069,-1.055
Guyana,2010,0.58,0.371,0.358,0.322,0.404,2.0,0.624,0.262,0.143,0.333,0.64,0.35,0.474,0.548,0.662,0.56,0.494,0.885,0.687,-0.993,,0,0,0.0,,,0,0,6,1.069,-1.075
Guyana,2011,0.581,0.372,0.357,0.323,0.403,2.0,0.641,0.262,0.143,0.333,0.64,0.35,0.474,0.548,0.662,0.56,0.469,0.888,0.686,-0.993,,0,0,0.0,,,0,0,6,1.17,-1.296
Guyana,2012,0.579,0.373,0.355,0.339,0.4,2.0,0.641,0.262,0.143,0.333,0.64,0.37,0.478,0.548,0.662,0.56,0.468,0.888,0.686,-0.993,,0,0,0.0,,,0,0,6,1.17,-1.296
Guyana,2013,0.61,0.391,0.375,0.36,0.421,2.0,0.641,0.262,0.083,0.333,0.622,0.386,0.494,0.548,0.628,0.548,0.487,0.919,0.678,-0.993,,0,0,0.0,,,0,0,6,1.591,-1.296
Guyana,2014,0.608,0.39,0.376,0.357,0.422,2.0,0.641,0.262,0.083,0.333,0.622,0.384,0.494,0.548,0.628,0.548,0.487,0.919,0.678,-0.993,,0,0,0.0,,,0,0,6,1.591,-1.296
Guyana,2015,0.647,0.45,0.399,0.377,0.461,2.0,0.841,0.262,0.042,0.333,0.696,0.406,0.656,0.523,0.34,0.406,0.45,0.954,0.686,-0.993,,0,0,0.0,,,0,0,7,2.229,-0.734
Guyana,2016,0.659,0.458,0.405,0.395,0.467,2.0,0.883,0.262,0.056,0.333,0.716,0.412,0.674,0.503,0.268,0.382,0.371,0.923,0.749,-0.993,,0,0,0.0,,,0,0,7,2.229,-1.927
Guyana,2017,0.661,0.454,0.408,0.417,0.488,2.0,0.883,0.262,0.062,0.333,0.705,0.405,0.673,0.514,0.285,0.404,0.393,0.935,0.738,-0.993,,0,0,0.0,,,0,0,7,2.229,-1.927
Guyana,2018,0.665,0.457,0.406,0.459,0.494,2.0,0.883,0.262,0.083,0.0,0.726,0.372,0.679,0.514,0.263,0.37,0.389,0.939,0.673,-0.993,,0,0,0.0,,,0,0,7,2.229,-1.927
Guyana,2019,0.645,0.438,0.391,0.464,0.479,2.0,0.847,0.563,0.083,0.0,0.721,0.337,0.69,0.514,0.219,0.365,0.497,0.907,0.525,-0.993,,0,0,0.0,,,0,0,,1.895,-1.494
Guyana,2020,0.557,0.393,0.34,0.366,0.413,2.0,0.954,0.867,0.167,0.0,0.737,0.388,0.646,0.514,0.385,0.406,0.539,0.907,0.563,-0.205,,0,0,0.0,,,0,0,,1.895,-1.485
Guyana,2021,0.495,0.342,0.295,0.242,0.367,1.0,0.945,0.867,0.2,0.0,0.76,0.301,0.645,0.514,0.409,0.39,0.539,0.878,0.559,-0.468,,0,0,0.0,,,,,,0.985,-1.835
Guyana,2022,0.496,0.341,0.295,0.242,0.36,1.0,0.889,0.636,0.25,0.0,0.788,0.332,0.625,0.514,0.409,0.39,0.539,0.878,0.559,-0.468,,0,0,0.0,,,,,,0.985,-1.835
Guyana,2023,0.491,0.316,0.292,0.24,0.366,1.0,0.893,0.636,0.125,0.0,0.709,0.237,0.586,0.514,0.406,0.429,0.539,0.894,0.622,-0.468,,0,0,0.0,,,,,,1.6,-0.869
Guyana,2024,0.491,0.315,0.291,0.237,0.359,1.0,0.893,0.636,0.125,0.0,0.709,0.217,0.586,0.514,0.406,0.429,0.539,0.894,0.636,-0.468,,0,0,0.0,,,,,,1.6,-2.039
Haiti,1960,0.148,0.029,0.045,0.043,0.039,1.0,0.037,-0.454,0.25,0.0,0.025,0.059,0.034,0.737,0.936,0.87,0.873,0.109,0.102,-0.492,0,0,0,1.0,,,0,0,4,-2.383,2.07
Haiti,1961,0.146,0.029,0.044,0.042,0.039,0.0,0.037,-0.454,0.25,0.0,0.025,0.059,0.034,0.737,0.936,0.87,0.845,0.109,0.102,-0.492,0,0,0,1.0,,,0,0,-7,-2.383,2.07
Haiti,1962,0.145,0.029,0.044,0.042,0.039,0.0,0.037,-0.454,0.25,0.0,0.025,0.059,0.034,0.737,0.936,0.87,0.832,0.109,0.102,-0.492,0,0,0,1.0,,,0,0,-7,-2.383,2.07
Haiti,1963,0.145,0.029,0.044,0.042,0.039,0.0,0.037,-0.454,0.25,0.0,0.025,0.059,0.034,0.737,0.936,0.87,0.832,0.109,0.102,-0.492,0,0,0,1.0,,,0,0,-7,-2.383,2.07
Haiti,1964,0.144,0.029,0.053,0.042,0.039,0.0,0.037,-0.454,0.25,0.0,0.025,0.059,0.034,0.737,0.936,0.87,0.823,0.109,0.102,-0.492,0,0,0,1.0,,,0,0,-7,-2.383,2.07
Haiti,1965,0.144,0.029,0.044,0.042,0.039,0.0,0.037,-0.454,0.25,0.0,0.025,0.059,0.034,0.737,0.936,0.87,0.819,0.109,0.102,-0.492,0,0,0,1.0,,,0,0,-7,-2.383,2.07
Haiti,1966,0.144,0.029,0.044,0.042,0.039,0.0,0.037,-0.454,0.25,0.0,0.025,0.059,0.034,0.737,0.936,0.87,0.819,0.109,0.102,-0.492,0,0,0,1.0,,,0,0,-7,-2.383,2.07
Haiti,1967,0.144,0.029,0.044,0.042,0.039,0.0,0.037,-0.454,0.25,0.0,0.025,0.059,0.034,0.737,0.936,0.87,0.814,0.109,0.102,-0.492,0,0,0,1.0,,,0,0,-7,-2.383,2.07
Haiti,1968,0.144,0.029,0.044,0.042,0.039,0.0,0.037,-0.454,0.25,0.0,0.025,0.059,0.034,0.737,0.936,0.87,0.814,0.109,0.102,-0.492,0,0,0,1.0,,,0,0,-7,-2.383,2.07
Haiti,1969,0.144,0.029,0.044,0.042,0.039,0.0,0.037,-0.454,0.25,0.0,0.025,0.059,0.034,0.737,0.936,0.87,0.814,0.109,0.102,-0.492,0,0,0,1.0,,,0,0,-7,-2.383,2.07
Haiti,1970,0.144,0.029,0.044,0.042,0.039,0.0,0.037,-0.454,0.25,0.0,0.025,0.059,0.034,0.737,0.936,0.87,0.814,0.109,0.102,-0.492,0,0,1,1.0,,,0,0,-7,-2.383,2.07
Haiti,1971,0.148,0.032,0.054,0.043,0.042,0.0,0.037,-0.454,0.25,0.0,0.033,0.059,0.042,0.737,0.936,0.87,0.814,0.109,0.112,-0.492,0,0,0,1.0,,,0,0,-9,-2.383,2.07
Haiti,1972,0.15,0.033,0.045,0.043,0.043,0.0,0.037,-0.454,0.25,0.0,0.034,0.059,0.045,0.737,0.936,0.87,0.814,0.109,0.117,-0.492,0,0,0,1.0,,,0,0,-9,-2.383,2.07
Haiti,1973,0.15,0.033,0.045,0.043,0.043,0.0,0.037,-0.454,0.25,0.0,0.034,0.059,0.045,0.737,0.936,0.87,0.778,0.109,0.117,-0.492,0,0,0,1.0,,,0,0,-9,-2.383,2.07
Haiti,1974,0.15,0.033,0.045,0.043,0.043,0.0,0.037,-0.454,0.25,0.0,0.034,0.059,0.045,0.737,0.936,0.87,0.773,0.109,0.117,-0.492,0,0,0,1.0,,,0,0,-9,-2.383,2.07
Haiti,1975,0.15,0.033,0.045,0.043,0.043,0.0,0.037,-0.454,0.25,0.0,0.034,0.059,0.045,0.737,0.936,0.87,0.773,0.109,0.117,-0.492,0,0,0,1.0,,,0,0,-9,-2.383,2.07
Haiti,1976,0.15,0.033,0.045,0.043,0.043,0.0,0.037,-0.454,0.25,0.0,0.034,0.059,0.045,0.737,0.936,0.87,0.773,0.109,0.117,-0.492,0,0,0,1.0,,,0,0,-9,-2.383,2.07
Haiti,1977,0.15,0.033,0.045,0.043,0.043,0.0,0.037,-0.454,0.25,0.0,0.034,0.059,0.045,0.737,0.936,0.87,0.773,0.109,0.117,-0.492,0,0,0,1.0,,,0,0,-9,-2.383,2.07
Haiti,1978,0.15,0.033,0.045,0.043,0.043,0.0,0.037,-0.454,0.25,0.0,0.034,0.059,0.045,0.737,0.936,0.87,0.773,0.109,0.117,-0.492,0,0,0,1.0,,,0,0,-9,-2.383,2.07
Haiti,1979,0.151,0.033,0.045,0.043,0.043,0.0,0.037,-0.454,0.25,0.0,0.034,0.059,0.045,0.737,0.936,0.87,0.819,0.109,0.117,-0.492,0,0,0,1.0,,,0,0,-8,-2.383,2.07
Haiti,1980,0.148,0.033,0.048,0.043,0.043,0.0,0.037,-0.454,0.25,0.0,0.034,0.059,0.045,0.737,0.936,0.87,0.824,0.117,0.117,-0.492,0,0,0,1.0,,,0,0,-8,-2.383,2.07
Haiti,1981,0.149,0.032,0.048,0.043,0.043,0.0,0.037,-0.454,0.25,0.0,0.034,0.059,0.045,0.737,0.936,0.87,0.824,0.132,0.117,-0.492,0,0,0,1.0,,,0,0,-8,-2.008,2.07
Haiti,1982,0.149,0.033,0.048,0.043,0.043,0.0,0.037,-0.454,0.25,0.0,0.034,0.059,0.045,0.737,0.936,0.87,0.824,0.132,0.117,-0.492,0,0,0,1.0,,,0,0,-8,-2.008,2.07
Haiti,1983,0.114,0.021,0.045,0.037,0.038,0.0,0.037,-0.454,0.25,0.0,0.034,0.056,0.045,0.737,0.936,0.87,0.824,0.132,0.117,-0.492,0,0,0,1.0,,,0,0,-8,-2.008,2.07
Haiti,1984,0.146,0.031,0.049,0.043,0.043,0.0,0.037,-0.454,0.25,0.0,0.034,0.058,0.045,0.737,0.936,0.871,0.802,0.132,0.117,-0.492,0,0,0,1.0,,,0,0,-8,-2.008,2.07
Haiti,1985,0.151,0.033,0.066,0.043,0.043,0.0,0.037,-0.454,0.25,0.0,0.034,0.058,0.045,0.737,0.936,0.871,0.799,0.132,0.117,-0.492,0,0,0,1.0,,,0,0,-8,-2.008,2.07
Haiti,1986,0.117,0.026,0.082,0.043,0.04,0.0,0.048,-0.454,0.75,0.0,0.041,0.073,0.05,0.737,0.936,0.871,0.803,0.356,0.101,-0.588,1,1,1,0.0,,,0,0,0,-1.835,2.07
Haiti,1987,0.19,0.068,0.106,0.09,0.052,1.0,0.421,-0.454,0.75,0.0,0.179,,0.126,0.828,0.89,0.85,0.806,0.499,,-1.821,0,0,0,0.0,,,0,0,0,-1.555,1.68
Haiti,1988,0.257,0.094,0.117,0.116,0.074,1.0,0.421,-0.454,0.25,0.0,0.179,0.26,0.12,0.828,0.89,0.85,0.771,0.499,0.132,-1.821,2,2,2,0.0,,,0,0,0,-1.555,1.68
Haiti,1989,0.202,0.068,0.102,0.101,0.062,0.0,0.431,-0.454,0.75,0.0,0.179,,0.12,0.828,0.89,0.85,0.771,0.499,,-1.528,0,0,2,0.0,,,0,0,0,-1.555,1.68
Haiti,1990,0.197,0.073,0.101,0.138,0.067,1.0,0.537,-0.454,0.75,0.333,0.173,0.389,0.127,0.828,0.89,0.851,0.786,0.569,0.152,-1.528,0,0,0,0.0,,,0,0,0,-1.555,1.68
Haiti,1991,0.324,0.159,0.19,0.18,0.106,1.0,0.581,-0.454,0.188,0.667,0.167,0.46,0.153,0.828,0.89,0.855,0.791,0.569,0.147,-1.528,1,1,2,0.0,,,0,0,-7,-1.555,1.68
Haiti,1992,0.175,0.075,0.087,0.122,0.057,0.0,0.437,-0.454,0.75,0.333,0.091,0.324,0.089,0.828,0.82,0.838,0.775,0.473,0.165,-1.836,0,0,0,0.0,,,0,0,-7,-1.693,1.68
Haiti,1993,0.203,0.081,0.093,0.112,0.064,0.0,0.437,-0.454,0.208,0.5,0.091,0.324,0.089,0.828,0.82,0.838,0.749,0.473,0.165,-1.836,0,0,0,0.5,,,0,0,-7,-1.693,1.68
Haiti,1994,0.227,0.098,0.095,0.129,0.072,0.0,0.46,-0.454,0.188,0.5,0.112,0.388,0.101,0.828,0.82,0.838,0.757,0.458,0.162,-1.836,0,0,0,0.5,,,0,0,6,-1.513,1.639
Haiti,1995,0.346,0.229,0.167,0.218,0.119,1.0,0.814,-1.013,0.083,0.5,0.346,0.626,0.291,0.828,0.82,0.838,0.782,0.537,0.141,-1.235,0,0,0,0.5,,,0,0,6,-0.85,1.039
Haiti,1996,0.42,0.265,0.236,0.285,0.142,1.0,0.814,-2.043,0.083,0.5,0.357,0.626,0.292,0.828,0.82,0.838,0.778,0.568,0.141,-1.235,0,0,0,0.5,,,0,0,7,-0.667,1.039
Haiti,1997,0.437,0.276,0.249,0.293,0.148,1.0,0.876,-2.043,0.0,0.333,0.357,0.626,0.324,0.828,0.704,0.808,0.771,0.572,0.141,-1.235,0,0,0,1.0,,,0,0,7,-0.647,1.039
Haiti,1998,0.439,0.277,0.249,0.299,0.149,1.0,0.876,-2.043,0.0,0.0,0.357,0.626,0.327,0.828,0.704,0.808,0.769,0.572,0.141,-1.235,0,0,0,1.0,,,0,0,7,-0.647,1.039
Haiti,1999,0.439,0.269,0.249,0.299,0.149,1.0,0.876,-2.043,0.0,0.5,0.357,0.563,0.327,0.828,0.704,0.808,0.769,0.572,0.141,-1.063,0,0,0,0.5,,,0,0,3,-0.647,1.039
Haiti,2000,0.432,0.268,0.247,0.294,0.146,1.0,0.876,-2.043,0.0,0.667,0.357,0.634,0.302,0.828,0.704,0.808,0.809,0.572,0.141,-0.95,0,0,0,0.5,,,0,0,-2,-0.647,1.271
Haiti,2001,0.411,0.258,0.237,0.284,0.139,1.0,0.852,-2.043,0.0,0.5,0.357,0.634,0.277,0.828,0.787,0.83,0.834,0.494,0.141,-0.95,0,0,0,0.5,,,0,0,-2,-1.085,1.271
Haiti,2002,0.409,0.254,0.236,0.283,0.138,1.0,0.808,-2.043,0.0,0.5,0.357,0.634,0.279,0.828,0.787,0.83,0.834,0.439,0.141,-0.95,0,0,0,0.5,,,0,0,-2,-1.699,1.314
Haiti,2003,0.406,0.248,0.237,0.28,0.136,1.0,0.781,-2.043,0.0,0.667,0.357,0.634,0.266,0.828,0.787,0.83,0.834,0.439,0.141,-0.95,0,0,0,0.5,,,0,0,-2,-1.699,1.314
Haiti,2004,0.243,0.1,0.164,0.208,0.08,1.0,0.716,-2.043,0.0,0.667,0.173,0.589,0.182,0.828,0.787,0.819,0.805,0.552,0.162,-0.937,1,0,0,0.0,,,0,0,0,-0.817,1.692
Haiti,2005,0.237,0.086,0.155,0.205,0.075,0.0,0.653,-2.043,0.053,0.5,0.176,,0.148,0.815,0.828,0.83,0.799,0.7,,-0.937,0,0,0,0.0,,,0,0,3,-0.293,1.627
Haiti,2006,0.368,0.196,0.214,0.264,0.113,1.0,0.689,-2.043,0.053,0.5,0.279,0.704,0.198,0.815,0.748,0.788,0.781,0.7,0.165,-1.827,0,0,0,0.5,,,0,0,5,-0.293,1.178
Haiti,2007,0.446,0.285,0.25,0.302,0.135,1.0,0.796,-2.043,0.053,0.5,0.357,0.795,0.217,0.815,0.748,0.832,0.779,0.7,0.165,-1.643,0,0,0,0.5,,,0,0,5,-0.293,0.917
Haiti,2008,0.447,0.283,0.251,0.302,0.136,1.0,0.796,-2.043,0.053,0.5,0.347,0.795,0.219,0.815,0.748,0.832,0.779,0.7,0.165,-1.643,0,0,0,0.5,,,0,0,5,-0.293,0.917
Haiti,2009,0.441,0.278,0.246,0.299,0.133,1.0,0.796,-2.043,0.053,0.5,0.336,0.795,0.214,0.815,0.748,0.832,0.779,0.7,0.165,-1.643,,0,0,0.5,,,0,0,5,-0.293,0.917
Haiti,2010,0.434,0.257,0.25,0.296,0.131,1.0,0.796,-2.043,0.053,0.5,0.189,0.795,0.175,0.815,0.748,0.845,0.79,0.7,0.161,-1.813,,0,0,0.5,,,0,0,0,-0.293,0.917
Haiti,2011,0.418,0.249,0.241,0.288,0.126,1.0,0.746,-2.043,0.053,0.5,0.213,0.779,0.175,0.815,0.782,0.853,0.821,0.7,0.16,-1.135,,0,0,0.5,,,0,0,0,-0.293,0.917
Haiti,2012,0.427,0.254,0.246,0.293,0.129,1.0,0.767,-2.043,0.053,0.5,0.215,0.779,0.174,0.815,0.83,0.851,0.812,0.7,0.163,-0.822,,0,0,0.5,,,0,0,0,-0.293,0.917
Haiti,2013,0.424,0.246,0.244,0.266,0.127,1.0,0.727,-2.043,0.062,0.5,0.189,0.779,0.174,0.815,0.752,0.832,0.812,0.7,0.19,-0.822,,0,0,0.5,,,0,0,0,-0.293,0.917
Haiti,2014,0.424,0.246,0.244,0.266,0.127,1.0,0.727,-1.697,0.062,0.5,0.189,0.779,0.169,0.815,0.752,0.848,0.812,0.7,0.163,-0.771,,0,0,0.5,,,0,0,0,-0.293,0.917
Haiti,2015,0.403,0.226,0.235,0.258,0.12,1.0,0.727,-1.697,0.062,0.333,0.189,0.684,0.166,0.815,0.752,0.858,0.824,0.7,0.163,-0.771,,0,0,0.5,,,0,0,0,-0.293,1.163
Haiti,2016,0.394,0.237,0.231,0.254,0.118,1.0,0.743,-1.697,0.062,0.5,0.181,0.794,0.173,0.815,0.752,0.834,0.838,0.7,0.163,-0.771,,0,0,0.5,,,0,0,5,-0.293,1.163
Haiti,2017,0.404,0.235,0.234,0.257,0.12,1.0,0.673,-1.697,0.062,0.5,0.207,0.794,0.166,0.815,0.752,0.85,0.809,0.7,0.171,-1.047,,0,0,0.5,,,0,0,5,-0.293,1.248
Haiti,2018,0.411,0.24,0.24,0.263,0.117,1.0,0.626,-1.697,0.067,0.5,0.234,0.803,0.145,0.847,0.89,0.893,0.839,0.723,0.188,-1.047,,0,0,0.5,,,0,0,5,-0.293,1.279
Haiti,2019,0.403,0.231,0.217,0.244,0.114,1.0,0.632,-1.697,0.077,0.5,0.2,0.783,0.13,0.816,0.89,0.885,0.839,0.691,0.188,-1.047,,0,0,0.5,,,0,0,,-0.617,1.279
Haiti,2020,0.371,0.216,0.146,0.253,0.108,1.0,0.632,-1.697,0.062,0.333,0.207,0.765,0.147,0.675,0.89,0.848,0.821,0.677,0.188,-1.107,,0,0,0.5,,,0,0,,0.076,1.279
Haiti,2021,0.302,0.189,0.175,0.237,0.085,1.0,0.659,-1.271,0.0,0.0,0.192,0.771,0.134,0.675,0.89,0.862,0.833,0.695,0.188,-1.515,,0,0,0.0,,,,,,0.22,2.655
Haiti,2022,0.213,0.143,0.097,0.203,0.063,0.0,0.659,-1.271,0.0,0.0,0.161,0.758,0.131,0.675,0.769,0.833,0.833,0.684,0.188,-1.515,,0,0,0.0,,,,,,0.091,2.474
Haiti,2023,0.211,0.068,0.097,0.194,0.059,0.0,0.659,-1.986,0.0,0.0,0.146,,0.125,0.675,0.809,0.774,0.833,0.748,,-1.515,,0,0,0.0,,,,,,0.091,2.474
Haiti,2024,0.218,0.079,0.099,0.196,0.06,0.0,0.659,-1.268,0.062,0.333,0.243,0.598,0.155,0.675,0.809,0.774,0.847,0.748,,-1.515,,0,0,0.0,,,,,,0.091,1.04
Honduras,1960,0.18,0.089,0.154,0.166,0.093,0.0,0.293,0.357,0.375,0.667,0.338,0.206,0.208,0.856,0.8,0.83,0.866,0.453,,-2.733,0,0,0,0.0,,,0,0,-1,-0.388,-1.777
Honduras,1961,0.18,0.088,0.154,0.166,0.093,0.0,0.293,0.357,0.375,0.667,0.338,0.206,0.208,0.856,0.8,0.83,0.866,0.453,,-2.733,0,0,0,0.0,,,0,0,-1,-0.388,-1.777
Honduras,1962,0.18,0.088,0.154,0.166,0.093,0.0,0.293,0.357,0.375,0.667,0.338,0.206,0.208,0.856,0.8,0.83,0.866,0.453,,-2.733,0,0,0,0.0,,,0,0,-1,-0.388,-1.777
Honduras,1963,0.176,0.078,0.152,0.14,0.076,0.0,0.174,0.357,0.875,0.667,0.317,0.206,0.177,0.856,0.8,0.83,0.866,0.31,,-2.733,1,1,1,0.0,,,1,-1,-1,-0.388,-1.227
Honduras,1964,0.137,0.058,0.131,0.049,0.045,0.0,0.096,0.357,0.875,0.667,0.252,,0.133,0.856,0.814,0.835,0.866,0.198,,-2.733,0,0,0,0.0,,,1,0,-1,-1.712,-1.794
Honduras,1965,0.149,0.058,0.134,0.052,0.047,1.0,0.096,0.357,0.375,0.667,0.229,0.194,0.126,0.856,0.814,0.835,0.908,0.198,,-2.733,0,0,0,0.0,,,1,0,-1,-1.712,-1.794
Honduras,1966,0.14,0.056,0.132,0.05,0.045,0.0,0.096,0.357,0.375,0.667,0.229,0.194,0.126,0.856,0.814,0.835,0.907,0.198,,-2.733,0,0,0,0.0,,,1,0,-1,-1.712,-2.06
Honduras,1967,0.14,0.056,0.132,0.05,0.045,0.0,0.096,0.357,0.375,0.667,0.229,0.194,0.123,0.856,0.814,0.835,0.907,0.198,,-2.733,0,0,0,0.0,,,1,0,-1,-1.712,-2.06
Honduras,1968,0.14,0.055,0.132,0.05,0.045,0.0,0.096,0.357,0.375,0.667,0.229,0.194,0.123,0.856,0.814,0.835,0.907,0.198,,-2.733,0,0,0,0.0,,,1,0,-1,-1.712,-2.477
Honduras,1969,0.14,0.055,0.132,0.05,0.045,0.0,0.096,0.357,0.375,0.667,0.229,0.194,0.123,0.856,0.814,0.835,0.907,0.198,,-2.733,0,0,0,0.0,,,1,0,-1,-1.712,-2.477
Honduras,1970,0.141,0.054,0.133,0.071,0.046,0.0,0.096,0.357,0.375,0.667,0.229,0.194,0.123,0.856,0.814,0.835,0.907,0.198,,-2.733,0,0,0,0.0,,,1,0,-1,-1.712,-1.797
Honduras,1971,0.244,0.095,0.163,0.101,0.067,1.0,0.096,0.357,0.375,0.667,0.252,0.194,0.136,0.856,0.814,0.835,0.896,0.198,0.542,-2.733,0,0,0,1.0,,,1,1,0,-1.712,-1.797
Honduras,1972,0.252,0.108,0.166,0.105,0.069,1.0,0.096,0.357,1.0,0.667,0.327,0.19,0.149,0.856,0.814,0.835,0.892,0.198,0.435,-2.733,1,1,1,0.0,,,2,-1,-1,-1.712,-1.797
Honduras,1973,0.141,0.062,0.133,0.069,0.046,0.0,0.096,0.357,0.875,0.667,0.314,,0.144,0.856,0.814,0.835,0.892,0.198,,-2.733,0,0,0,0.0,,,2,0,-1,-1.712,-1.797
Honduras,1974,0.141,0.062,0.133,0.069,0.046,0.0,0.096,0.357,0.875,0.667,0.314,,0.144,0.856,0.814,0.835,0.892,0.198,,-2.733,0,0,0,0.0,,,2,0,-1,-1.712,-1.797
Honduras,1975,0.141,0.062,0.133,0.066,0.046,0.0,0.096,0.357,1.0,0.667,0.314,,0.144,0.856,0.814,0.835,0.892,0.198,,-2.733,1,1,1,0.0,,,2,0,-1,-1.712,-1.797
Honduras,1976,0.141,0.063,0.133,0.066,0.046,0.0,0.096,0.357,0.875,0.667,0.314,,0.144,0.856,0.814,0.835,0.892,0.198,,-2.733,0,0,0,0.0,,,2,0,-1,-1.712,-1.797
Honduras,1977,0.139,0.063,0.132,0.066,0.046,0.0,0.096,0.357,0.875,0.667,0.314,,0.144,0.856,0.814,0.835,0.892,0.198,,-2.733,0,0,1,0.0,,,2,0,-1,-1.712,-1.797
Honduras,1978,0.138,0.056,0.132,0.066,0.045,0.0,0.088,0.357,0.875,0.667,0.237,,0.129,0.856,0.814,0.835,0.892,0.16,,-2.733,1,1,1,0.0,,,2,0,-1,-2.416,-1.797
Honduras,1979,0.14,0.055,0.125,0.072,0.046,0.0,0.073,0.357,0.875,0.667,0.237,,0.129,0.856,0.814,0.835,0.892,0.115,,-2.733,0,0,0,0.0,,,2,0,-1,-2.416,-1.797
Honduras,1980,0.175,0.075,0.138,0.114,0.053,0.0,0.229,0.357,0.875,0.667,0.312,0.199,0.161,0.856,0.814,0.835,0.898,0.184,,-2.733,0,0,0,0.0,,,2,0,1,-2.416,-1.365
Honduras,1981,0.188,0.095,0.144,0.129,0.06,1.0,0.229,0.357,0.9,0.667,0.407,0.199,0.199,0.856,0.814,0.835,0.89,0.184,0.533,-2.733,0,0,0,0.0,,,2,0,4,-2.416,-1.023
Honduras,1982,0.371,0.171,0.161,0.163,0.139,1.0,0.229,0.357,0.4,0.667,0.469,0.13,0.236,0.82,0.814,0.852,0.886,0.184,0.533,-2.733,0,0,0,1.0,,,2,1,6,-2.416,-1.023
Honduras,1983,0.398,0.187,0.183,0.171,0.146,1.0,0.192,0.357,0.3,0.667,0.488,0.188,0.248,0.805,0.814,0.848,0.886,0.293,0.533,-2.733,0,0,0,1.0,,,2,0,6,-0.651,-1.023
Honduras,1984,0.398,0.187,0.184,0.171,0.146,1.0,0.192,0.357,0.3,0.667,0.488,0.188,0.248,0.805,0.814,0.848,0.886,0.293,0.533,-2.733,0,0,0,1.0,,,2,0,6,-0.651,-1.389
Honduras,1985,0.403,0.19,0.192,0.171,0.148,1.0,0.201,0.357,0.3,0.667,0.488,0.188,0.248,0.805,0.814,0.848,0.886,0.293,0.533,-2.733,0,0,0,1.0,,,2,0,5,-0.651,-1.934
Honduras,1986,0.4,0.194,0.199,0.222,0.148,1.0,0.221,0.357,0.3,0.667,0.488,0.188,0.254,0.805,0.814,0.848,0.882,0.337,0.533,-2.733,0,0,0,1.0,,,2,0,5,-0.651,-1.934
Honduras,1987,0.404,0.194,0.201,0.241,0.149,1.0,0.221,0.357,0.3,0.667,0.488,0.188,0.254,0.805,0.814,0.848,0.882,0.344,0.533,-2.733,0,0,0,1.0,,,2,0,5,-0.392,-1.934
Honduras,1988,0.404,0.197,0.21,0.241,0.149,1.0,0.221,0.357,0.3,0.667,0.488,0.188,0.262,0.805,0.814,0.848,0.882,0.344,0.533,-2.733,0,0,0,1.0,,,2,0,5,-0.392,-1.934
Honduras,1989,0.407,0.2,0.221,0.242,0.15,1.0,0.221,0.357,0.3,0.667,0.488,0.188,0.256,0.805,0.814,0.848,0.882,0.371,0.533,-2.733,0,0,0,1.0,,,2,0,6,-0.392,-1.934
Honduras,1990,0.482,0.258,0.252,0.257,0.181,1.0,0.449,0.357,0.3,0.667,0.597,0.188,0.283,0.805,0.814,0.848,0.882,0.674,0.535,-2.733,0,0,0,1.0,,,2,0,6,-0.085,-1.979
Honduras,1991,0.491,0.264,0.259,0.283,0.184,1.0,0.514,0.357,0.3,0.667,0.597,0.188,0.288,0.805,0.832,0.853,0.882,0.674,0.535,-2.733,0,0,0,1.0,,,2,0,6,-0.085,-1.979
Honduras,1992,0.491,0.265,0.259,0.334,0.188,1.0,0.548,0.357,0.3,0.667,0.605,0.188,0.286,0.805,0.832,0.853,0.882,0.674,0.535,-2.733,0,0,0,1.0,,,2,0,6,-0.085,-1.979
Honduras,1993,0.491,0.26,0.259,0.342,0.188,1.0,0.548,0.357,0.3,0.667,0.589,0.188,0.282,0.805,0.832,0.853,0.883,0.674,0.535,-2.733,0,0,0,1.0,,,2,0,6,-0.085,-1.979
Honduras,1994,0.529,0.285,0.278,0.407,0.215,2.0,0.57,0.357,0.3,0.667,0.589,0.188,0.286,0.805,0.792,0.844,0.835,0.712,0.574,-2.733,0,0,0,1.0,,,2,0,6,-0.085,-1.979
Honduras,1995,0.542,0.295,0.296,0.413,0.223,2.0,0.577,0.357,0.3,0.667,0.589,0.188,0.286,0.805,0.792,0.844,0.79,0.761,0.576,-2.733,0,0,0,1.0,,,2,0,6,0.696,-1.979
Honduras,1996,0.548,0.299,0.3,0.42,0.228,2.0,0.577,0.357,0.3,0.667,0.589,0.188,0.295,0.805,0.792,0.844,0.79,0.797,0.576,-2.733,0,0,0,1.0,,,2,0,6,1.229,-1.979
Honduras,1997,0.548,0.3,0.3,0.419,0.227,2.0,0.602,0.357,0.3,0.667,0.589,0.188,0.295,0.805,0.792,0.844,0.793,0.797,0.576,-2.733,0,0,0,1.0,,,2,0,6,1.229,-1.979
Honduras,1998,0.553,0.302,0.301,0.42,0.231,2.0,0.602,0.357,0.3,0.667,0.589,0.188,0.303,0.805,0.792,0.844,0.819,0.833,0.576,-2.733,0,0,0,1.0,,,2,0,6,1.229,-1.979
Honduras,1999,0.554,0.312,0.302,0.451,0.231,2.0,0.602,0.357,0.3,0.667,0.645,0.188,0.315,0.805,0.792,0.844,0.847,0.833,0.549,-2.733,0,0,1,1.0,,,2,0,7,1.229,-1.979
Honduras,2000,0.554,0.324,0.337,0.418,0.233,2.0,0.602,0.357,0.3,0.667,0.645,0.256,0.329,0.805,0.772,0.839,0.847,0.833,0.549,-1.93,0,0,0,1.0,,,2,0,7,1.229,-1.979
Honduras,2001,0.554,0.326,0.337,0.419,0.233,2.0,0.662,0.357,0.3,0.667,0.645,0.256,0.329,0.805,0.772,0.839,0.845,0.833,0.549,-1.93,0,0,0,1.0,,,2,0,7,1.229,-1.979
Honduras,2002,0.557,0.327,0.338,0.407,0.238,2.0,0.662,0.357,0.3,0.667,0.645,0.256,0.325,0.805,0.788,0.844,0.805,0.833,0.568,-1.93,0,0,0,1.0,,,2,0,7,1.229,-1.979
Honduras,2003,0.567,0.334,0.345,0.413,0.238,2.0,0.685,0.357,0.3,0.667,0.645,0.256,0.325,0.805,0.788,0.844,0.805,0.853,0.568,-1.93,0,0,0,1.0,,,2,0,7,1.722,-1.979
Honduras,2004,0.567,0.334,0.345,0.413,0.238,2.0,0.685,0.357,0.3,0.667,0.645,0.256,0.325,0.805,0.788,0.844,0.805,0.853,0.568,-1.93,0,0,0,1.0,,,2,0,7,1.722,-1.979
Honduras,2005,0.562,0.33,0.341,0.409,0.237,2.0,0.685,0.357,0.292,0.667,0.645,0.256,0.325,0.805,0.788,0.844,0.807,0.853,0.568,-1.93,0,0,0,1.0,,,2,0,7,1.722,-1.979
Honduras,2006,0.521,0.316,0.317,0.42,0.227,2.0,0.724,0.357,0.292,0.667,0.672,0.256,0.341,0.805,0.788,0.844,0.812,0.853,0.568,-1.93,0,0,0,1.0,,,2,0,7,1.613,-1.979
Honduras,2007,0.524,0.315,0.319,0.415,0.227,2.0,0.724,0.357,0.292,0.667,0.68,0.256,0.341,0.805,0.796,0.845,0.821,0.853,0.568,-1.93,0,0,0,1.0,,,2,0,7,1.613,-1.979
Honduras,2008,0.52,0.319,0.317,0.405,0.228,2.0,0.72,0.357,0.292,0.667,0.68,0.302,0.341,0.805,0.796,0.845,0.825,0.853,0.559,-1.93,0,0,0,1.0,,,2,0,7,1.613,-1.979
Honduras,2009,0.441,0.278,0.281,0.262,0.173,1.0,0.498,0.357,0.375,1.0,0.615,0.491,0.289,0.805,0.796,0.845,0.84,0.738,0.559,-1.93,,1,1,1.0,,,3,-1,7,0.491,-0.007
Honduras,2010,0.402,0.235,0.26,0.318,0.158,1.0,0.589,0.357,0.292,0.667,0.603,0.251,0.278,0.822,0.788,0.847,0.842,0.766,0.556,-1.93,,0,0,1.0,,,3,1,7,0.779,-0.269
Honduras,2011,0.415,0.245,0.266,0.308,0.165,1.0,0.588,0.357,0.292,0.667,0.624,0.251,0.291,0.822,0.789,0.854,0.842,0.791,0.548,-1.93,,0,0,1.0,,,3,0,7,0.914,-0.638
Honduras,2012,0.416,0.239,0.271,0.304,0.163,1.0,0.625,0.357,0.292,0.667,0.539,0.251,0.269,0.822,0.789,0.854,0.842,0.799,0.548,-1.93,,0,0,1.0,,,3,0,7,0.949,-0.638
Honduras,2013,0.411,0.253,0.271,0.291,0.163,1.0,0.735,0.357,0.312,0.667,0.626,0.275,0.304,0.822,0.789,0.853,0.841,0.799,0.541,-1.93,,0,0,1.0,,,3,0,7,0.949,-0.638
Honduras,2014,0.428,0.267,0.277,0.281,0.166,1.0,0.735,0.357,0.312,0.667,0.626,0.308,0.312,0.822,0.789,0.853,0.839,0.792,0.499,-1.93,,0,0,1.0,,,3,0,7,0.91,-0.638
Honduras,2015,0.422,0.242,0.274,0.279,0.167,1.0,0.697,0.357,0.312,0.667,0.474,0.308,0.261,0.822,0.789,0.853,0.839,0.792,0.499,-1.93,,0,0,1.0,,,3,0,7,0.91,-0.638
Honduras,2016,0.423,0.252,0.276,0.278,0.165,1.0,0.678,0.357,0.312,0.667,0.556,0.308,0.286,0.822,0.789,0.853,0.839,0.792,0.508,-1.93,,0,0,1.0,,,3,0,7,0.91,0.112
Honduras,2017,0.412,0.241,0.268,0.27,0.162,1.0,0.612,0.357,0.286,0.667,0.523,0.305,0.276,0.807,0.789,0.838,0.837,0.78,0.443,-1.93,,0,0,1.0,,,4,-1,7,0.636,0.268
Honduras,2018,0.362,0.232,0.246,0.254,0.148,1.0,0.758,0.424,0.286,0.667,0.584,0.317,0.296,0.851,0.789,0.845,0.876,0.886,0.452,-1.93,,0,0,1.0,,,4,0,7,1.542,-1.127
Honduras,2019,0.368,0.231,0.249,0.261,0.145,1.0,0.75,0.424,0.357,0.667,0.583,0.299,0.281,0.851,0.789,0.841,0.87,0.886,0.43,-1.93,,0,0,1.0,,,4,0,,1.542,-0.96
Honduras,2020,0.372,0.232,0.249,0.252,0.145,1.0,0.765,0.631,0.4,0.667,0.582,0.308,0.295,0.851,0.735,0.828,0.873,0.886,0.444,-1.93,,0,0,1.0,,,4,0,,1.542,-0.96
Honduras,2021,0.39,0.243,0.261,0.266,0.152,1.0,0.665,0.631,0.3,0.667,0.633,0.288,0.339,0.816,0.713,0.814,0.854,0.886,0.479,-1.93,,0,0,1.0,,,,,,1.542,-0.123
Honduras,2022,0.534,0.381,0.346,0.359,0.264,2.0,0.709,0.631,0.3,0.667,0.804,0.48,0.481,0.816,0.687,0.768,0.756,0.911,0.483,-1.534,,0,0,1.0,,,,,,1.976,-0.486
Honduras,2023,0.538,0.392,0.331,0.385,0.266,2.0,0.708,0.631,0.3,0.667,0.815,0.524,0.497,0.772,0.639,0.745,0.756,0.911,0.496,-1.534,,0,0,1.0,,,,,,1.976,0.604
Honduras,2024,0.541,0.382,0.327,0.394,0.272,2.0,0.724,0.631,0.2,0.667,0.823,0.418,0.517,0.748,0.662,0.746,0.761,0.911,0.524,-1.648,,0,0,1.0,,,,,,1.976,-1.203
Jamaica,1960,0.51,0.362,0.284,0.274,0.291,2.0,0.821,1.812,0.1,0.667,0.791,0.562,0.797,0.093,0.112,0.142,0.667,0.84,0.643,-1.635,0,,,0.0,,,,,10,0.883,0.713
Jamaica,1961,0.51,0.362,0.298,0.287,0.291,2.0,0.821,1.812,0.1,0.667,0.791,0.562,0.797,0.093,0.112,0.142,0.667,0.84,0.643,-1.635,0,,,0.0,,,,,10,0.883,0.713
Jamaica,1962,0.549,0.41,0.338,0.329,0.342,2.0,0.76,1.812,0.1,0.333,0.894,0.561,0.817,0.215,0.166,0.187,0.659,0.877,0.729,-1.635,0,0,0,0.0,,,0,0,10,1.499,1.628
Jamaica,1963,0.553,0.416,0.341,0.365,0.35,2.0,0.76,1.812,0.1,0.333,0.884,0.561,0.806,0.246,0.154,0.191,0.659,0.877,0.729,-1.635,0,0,0,0.0,,,0,0,10,1.499,1.798
Jamaica,1964,0.553,0.416,0.341,0.365,0.35,2.0,0.76,1.812,0.1,0.333,0.884,0.561,0.806,0.246,0.154,0.191,0.659,0.877,0.729,-1.635,0,0,0,0.0,,,0,0,10,1.499,1.798
Jamaica,1965,0.548,0.41,0.337,0.362,0.347,2.0,0.76,1.812,0.1,0.333,0.884,0.561,0.806,0.246,0.154,0.191,0.659,0.877,0.729,-1.635,0,0,0,0.0,,,0,0,10,1.499,1.798
Jamaica,1966,0.548,0.41,0.337,0.362,0.347,2.0,0.76,1.812,0.1,0.333,0.884,0.561,0.806,0.246,0.154,0.191,0.659,0.877,0.729,-1.635,0,0,0,0.0,,,0,0,10,1.499,1.798
Jamaica,1967,0.524,0.389,0.324,0.349,0.334,2.0,0.76,1.812,0.1,0.333,0.884,0.561,0.806,0.246,0.154,0.191,0.697,0.833,0.729,-1.635,0,0,0,0.0,,,0,0,10,1.327,1.798
Jamaica,1968,0.519,0.387,0.32,0.345,0.33,2.0,0.76,1.812,0.1,0.333,0.884,0.561,0.806,0.246,0.154,0.191,0.704,0.833,0.729,-1.635,0,0,0,0.0,,,0,0,10,1.327,1.798
Jamaica,1969,0.519,0.387,0.321,0.346,0.329,2.0,0.76,1.812,0.1,0.333,0.884,0.561,0.806,0.246,0.154,0.191,0.704,0.833,0.729,-1.635,0,0,0,0.0,,,0,0,10,1.327,1.798
Jamaica,1970,0.524,0.398,0.324,0.347,0.334,2.0,0.774,1.812,0.1,0.333,0.884,0.561,0.826,0.246,0.154,0.191,0.68,0.833,0.738,-1.637,0,0,0,0.0,,,0,0,10,1.327,1.62
Jamaica,1971,0.524,0.398,0.324,0.347,0.334,2.0,0.774,1.812,0.1,0.333,0.884,0.561,0.826,0.246,0.154,0.191,0.68,0.833,0.738,-1.637,0,0,0,0.0,,,0,0,10,1.327,1.62
Jamaica,1972,0.526,0.399,0.324,0.366,0.351,2.0,0.774,1.812,0.1,0.333,0.884,0.561,0.826,0.246,0.154,0.191,0.647,0.833,0.752,-1.637,0,0,0,0.0,,,0,0,10,1.327,1.62
Jamaica,1973,0.517,0.401,0.32,0.38,0.405,2.0,0.752,1.812,0.1,0.333,0.884,0.561,0.834,0.246,0.154,0.191,0.663,0.876,0.739,-1.637,0,0,0,0.0,,,0,0,10,1.497,1.62
Jamaica,1974,0.515,0.4,0.319,0.38,0.403,2.0,0.752,1.812,0.1,0.333,0.884,0.561,0.828,0.246,0.154,0.191,0.663,0.876,0.739,-1.637,0,0,0,0.0,,,0,0,10,1.497,1.62
Jamaica,1975,0.513,0.4,0.319,0.38,0.403,2.0,0.752,1.812,0.1,0.333,0.884,0.561,0.828,0.246,0.154,0.191,0.663,0.876,0.739,-1.637,0,0,0,0.0,,,0,0,10,1.497,1.62
Jamaica,1976,0.514,0.399,0.319,0.379,0.395,2.0,0.752,1.812,0.1,0.333,0.884,0.561,0.828,0.246,0.154,0.191,0.662,0.876,0.739,-1.637,0,0,0,0.0,,,0,0,10,1.497,1.62
Jamaica,1977,0.479,0.376,0.3,0.357,0.372,1.0,0.752,1.812,0.1,0.333,0.884,0.561,0.828,0.246,0.154,0.191,0.642,0.876,0.739,-1.637,0,0,0,0.0,,,0,0,10,1.497,1.62
Jamaica,1978,0.47,0.372,0.296,0.351,0.368,1.0,0.752,1.812,0.1,0.333,0.884,0.561,0.828,0.246,0.154,0.191,0.642,0.876,0.739,-1.637,0,0,0,0.0,,,0,0,10,1.497,1.62
Jamaica,1979,0.478,0.375,0.299,0.356,0.371,1.0,0.752,1.812,0.1,0.333,0.884,0.561,0.828,0.246,0.154,0.191,0.642,0.896,0.739,-1.637,0,0,0,0.0,,,0,0,10,1.497,1.62
Jamaica,1980,0.503,0.392,0.317,0.375,0.385,2.0,0.752,1.812,0.1,0.333,0.884,0.561,0.812,0.246,0.154,0.191,0.647,0.913,0.739,-1.73,0,0,0,0.0,,,0,0,10,1.997,1.62
Jamaica,1981,0.478,0.377,0.303,0.351,0.372,1.0,0.763,1.812,0.1,0.333,0.884,0.561,0.812,0.246,0.154,0.191,0.715,0.928,0.739,-1.73,0,0,0,0.0,,,0,0,10,2.482,1.307
Jamaica,1982,0.478,0.377,0.303,0.351,0.372,1.0,0.763,1.812,0.1,0.333,0.884,0.561,0.812,0.246,0.154,0.191,0.715,0.928,0.739,-1.73,0,0,0,0.0,,,0,0,10,2.482,1.307
Jamaica,1983,0.481,0.378,0.304,0.352,0.374,1.0,0.763,1.812,0.1,0.333,0.884,0.561,0.812,0.246,0.154,0.191,0.714,0.928,0.764,-1.73,0,0,0,0.0,,,0,0,10,2.482,1.307
Jamaica,1984,0.534,0.413,0.333,0.384,0.408,2.0,0.763,1.812,0.1,0.333,0.884,0.561,0.812,0.246,0.154,0.191,0.66,0.928,0.788,-1.73,0,0,0,0.0,,,0,0,10,2.482,1.098
Jamaica,1985,0.537,0.414,0.335,0.387,0.407,2.0,0.763,1.812,0.1,0.333,0.884,0.561,0.812,0.246,0.154,0.191,0.66,0.928,0.788,-1.73,0,0,0,0.0,,,0,0,10,2.482,1.098
Jamaica,1986,0.537,0.414,0.335,0.387,0.407,2.0,0.763,1.812,0.1,0.333,0.884,0.561,0.812,0.246,0.154,0.191,0.66,0.928,0.788,-1.73,0,0,0,0.0,,,0,0,10,2.482,1.098
Jamaica,1987,0.537,0.414,0.335,0.387,0.407,2.0,0.763,1.812,0.1,0.333,0.884,0.561,0.812,0.246,0.154,0.191,0.66,0.928,0.788,-1.73,0,0,0,0.0,,,0,0,10,2.482,1.098
Jamaica,1988,0.537,0.416,0.335,0.387,0.407,2.0,0.852,1.812,0.1,0.333,0.884,0.561,0.812,0.246,0.154,0.191,0.66,0.928,0.788,-1.73,0,0,0,0.0,,,0,0,10,2.482,1.098
Jamaica,1989,0.56,0.433,0.35,0.402,0.425,2.0,0.852,1.812,0.1,0.333,0.884,0.561,0.812,0.246,0.154,0.191,0.663,0.928,0.788,-1.73,0,0,0,0.0,,,0,0,10,2.482,1.098
Jamaica,1990,0.577,0.452,0.361,0.46,0.436,2.0,0.852,1.812,0.1,0.333,0.884,0.572,0.848,0.156,0.154,0.169,0.663,0.928,0.788,-1.841,0,0,0,0.0,,,0,0,10,2.482,1.052
Jamaica,1991,0.577,0.452,0.361,0.46,0.436,2.0,0.852,1.812,0.1,0.333,0.884,0.572,0.848,0.156,0.154,0.169,0.663,0.928,0.788,-1.841,0,0,0,0.0,,,0,0,10,2.482,1.052
Jamaica,1992,0.577,0.451,0.361,0.462,0.436,2.0,0.852,1.812,0.1,0.333,0.884,0.588,0.848,0.156,0.154,0.169,0.663,0.928,0.788,-1.841,0,0,0,0.0,,,0,0,10,2.482,1.223
Jamaica,1993,0.62,0.483,0.387,0.492,0.466,2.0,0.852,1.812,0.1,0.333,0.884,0.588,0.848,0.156,0.154,0.169,0.577,0.928,0.835,-1.841,0,0,0,0.0,,,0,0,9,2.482,1.042
Jamaica,1994,0.638,0.495,0.398,0.505,0.477,2.0,0.852,1.812,0.1,0.333,0.884,0.588,0.848,0.156,0.154,0.169,0.549,0.928,0.835,-1.841,0,0,0,0.0,,,0,0,9,2.482,1.042
Jamaica,1995,0.641,0.5,0.4,0.506,0.48,2.0,0.852,1.812,0.1,0.333,0.884,0.588,0.848,0.156,0.154,0.169,0.549,0.928,0.835,-1.841,0,0,0,0.0,,,0,0,9,2.482,1.042
Jamaica,1996,0.645,0.503,0.403,0.509,0.485,2.0,0.852,1.812,0.1,0.333,0.884,0.588,0.848,0.156,0.154,0.169,0.549,0.928,0.835,-1.841,0,0,0,0.0,,,0,0,9,2.482,1.042
Jamaica,1997,0.651,0.504,0.404,0.514,0.489,2.0,0.852,1.812,0.1,0.333,0.884,0.588,0.848,0.156,0.154,0.169,0.549,0.941,0.835,-1.841,0,0,0,0.0,,,0,0,9,2.482,0.555
Jamaica,1998,0.678,0.528,0.423,0.536,0.509,2.0,0.852,1.812,0.1,0.333,0.884,0.588,0.848,0.156,0.154,0.169,0.557,0.941,0.835,-1.841,0,0,0,0.0,,,0,0,9,2.482,0.555
Jamaica,1999,0.678,0.528,0.423,0.536,0.509,2.0,0.852,1.812,0.1,0.333,0.884,0.588,0.848,0.156,0.154,0.169,0.557,0.941,0.835,-1.841,0,0,0,0.0,,,0,0,9,2.482,0.555
Jamaica,2000,0.683,0.56,0.426,0.551,0.512,2.0,0.852,1.812,0.1,0.333,0.884,0.739,0.862,0.156,0.154,0.169,0.557,0.941,0.835,-1.485,0,0,0,0.0,,,0,0,9,2.482,0.248
Jamaica,2001,0.683,0.56,0.426,0.551,0.512,2.0,0.852,1.812,0.1,0.333,0.884,0.739,0.862,0.156,0.154,0.169,0.557,0.941,0.835,-1.485,0,0,0,0.0,,,0,0,9,2.482,0.326
Jamaica,2002,0.706,0.578,0.441,0.57,0.53,2.0,0.852,1.812,0.1,0.333,0.884,0.739,0.862,0.156,0.154,0.169,0.555,0.941,0.835,-1.485,0,0,0,0.0,,,0,0,9,2.482,-0.044
Jamaica,2003,0.751,0.626,0.473,0.607,0.567,2.0,0.852,1.812,0.1,0.333,0.884,0.777,0.862,0.156,0.154,0.169,0.548,0.941,0.835,-1.485,0,0,0,0.0,,,0,0,9,2.482,-0.044
Jamaica,2004,0.751,0.626,0.473,0.607,0.567,2.0,0.852,1.812,0.1,0.333,0.884,0.777,0.862,0.156,0.154,0.169,0.548,0.941,0.835,-1.485,0,0,0,0.0,,,0,0,9,2.482,-0.044
Jamaica,2005,0.756,0.635,0.49,0.615,0.57,2.0,0.852,1.812,0.111,0.333,0.884,0.806,0.862,0.156,0.154,0.169,0.548,0.941,0.835,-1.485,0,0,0,0.0,,,0,0,9,2.482,-0.044
Jamaica,2006,0.763,0.639,0.495,0.623,0.578,2.0,0.852,1.812,0.111,0.333,0.884,0.806,0.862,0.156,0.154,0.169,0.548,0.941,0.835,-1.485,0,0,0,0.0,,,0,0,9,2.482,-0.044
Jamaica,2007,0.767,0.647,0.498,0.626,0.581,2.0,0.852,1.812,0.111,0.333,0.884,0.827,0.862,0.156,0.154,0.169,0.571,0.941,0.835,-1.485,0,0,0,0.0,,,0,0,9,2.482,-0.044
Jamaica,2008,0.776,0.656,0.505,0.632,0.588,2.0,0.852,1.812,0.111,0.333,0.884,0.827,0.862,0.156,0.154,0.169,0.62,0.941,0.835,-1.485,0,0,0,0.0,,,0,0,9,2.482,-0.044
Jamaica,2009,0.776,0.656,0.505,0.632,0.588,2.0,0.852,1.812,0.111,0.333,0.884,0.827,0.862,0.156,0.154,0.169,0.62,0.941,0.835,-1.485,,0,0,0.0,,,0,0,9,2.482,-0.044
Jamaica,2010,0.776,0.656,0.505,0.639,0.591,2.0,0.859,1.812,0.111,0.333,0.884,0.832,0.862,0.156,0.154,0.169,0.62,0.941,0.835,-1.485,,0,0,0.0,,,0,0,9,2.482,-0.401
Jamaica,2011,0.773,0.655,0.509,0.635,0.588,2.0,0.859,1.812,0.111,0.333,0.884,0.832,0.862,0.156,0.154,0.169,0.62,0.941,0.835,-1.485,,0,0,0.0,,,0,0,9,2.482,-0.463
Jamaica,2012,0.785,0.666,0.517,0.65,0.597,2.0,0.859,1.812,0.111,0.333,0.884,0.835,0.859,0.156,0.154,0.169,0.628,0.941,0.831,-1.485,,0,0,0.0,,,0,0,9,2.482,-0.463
Jamaica,2013,0.801,0.683,0.536,0.676,0.605,2.0,0.85,1.812,0.083,0.333,0.867,0.835,0.867,0.128,0.154,0.129,0.628,0.946,0.83,-1.485,,0,0,0.0,,,0,0,9,2.371,-0.463
Jamaica,2014,0.801,0.683,0.541,0.691,0.606,2.0,0.85,1.812,0.083,0.333,0.867,0.835,0.867,0.128,0.154,0.129,0.628,0.946,0.83,-1.485,,0,0,0.0,,,0,0,9,2.371,-0.463
Jamaica,2015,0.801,0.683,0.541,0.691,0.609,2.0,0.85,1.812,0.083,0.333,0.867,0.835,0.867,0.128,0.154,0.129,0.628,0.946,0.83,-1.485,,0,0,0.0,,,0,0,9,2.371,-0.463
Jamaica,2016,0.809,0.69,0.546,0.696,0.616,2.0,0.85,1.812,0.083,0.333,0.867,0.835,0.87,0.128,0.137,0.125,0.629,0.946,0.83,-1.485,,0,0,0.0,,,0,0,9,2.371,-0.463
Jamaica,2017,0.815,0.704,0.559,0.702,0.637,2.0,0.858,1.812,0.1,0.333,0.902,0.835,0.88,0.128,0.137,0.125,0.52,0.946,0.821,-1.485,,0,0,0.0,,,0,0,9,2.371,-0.463
Jamaica,2018,0.811,0.693,0.554,0.692,0.629,2.0,0.858,1.812,0.1,0.333,0.892,0.815,0.872,0.128,0.137,0.12,0.52,0.946,0.821,-1.485,,0,0,0.0,,,0,0,9,2.371,-0.463
Jamaica,2019,0.814,0.707,0.551,0.696,0.649,3.0,0.887,1.812,0.1,0.333,0.892,0.834,0.893,0.128,0.137,0.12,0.52,0.946,0.821,-1.485,,0,0,0.0,,,0,0,,2.371,-0.463
Jamaica,2020,0.814,0.705,0.548,0.679,0.65,2.0,0.887,1.812,0.125,0.333,0.894,0.834,0.882,0.128,0.323,0.164,0.512,0.948,0.812,-0.823,,0,0,0.0,,,0,0,,2.371,-0.463
Jamaica,2021,0.806,0.695,0.531,0.648,0.662,2.0,0.858,1.421,0.125,0.333,0.887,0.834,0.88,0.128,0.268,0.168,0.555,0.948,0.828,-0.415,,0,0,0.0,,,,,,2.371,-0.463
Jamaica,2022,0.803,0.699,0.535,0.679,0.656,2.0,0.882,1.843,0.125,0.333,0.887,0.847,0.884,0.128,0.268,0.16,0.53,0.948,0.828,-0.415,,0,0,0.0,,,,,,2.371,-0.48
Jamaica,2023,0.803,0.684,0.522,0.658,0.668,2.0,0.815,1.432,0.125,0.333,0.887,0.8,0.86,0.171,0.396,0.202,0.53,0.948,0.828,-1.078,,0,0,0.0,,,,,,2.371,-0.66
Jamaica,2024,0.803,0.684,0.534,0.609,0.642,3.0,0.815,1.432,0.125,0.333,0.887,0.781,0.874,0.171,0.308,0.18,0.514,0.948,0.843,-1.078,,0,0,0.0,,,,,,2.371,-0.66
Mexico,1960,0.231,0.106,0.133,0.118,0.115,1.0,0.355,1.199,0.143,0.0,0.287,0.027,0.244,0.76,0.828,0.819,0.906,0.248,0.698,0.737,0,0,0,1.0,,,0,0,-6,-1.045,0.479
Mexico,1961,0.232,0.106,0.133,0.119,0.118,1.0,0.355,1.199,0.143,0.0,0.287,0.027,0.244,0.76,0.828,0.819,0.897,0.262,0.698,0.737,0,0,0,1.0,,,0,0,-6,-0.826,0.479
Mexico,1962,0.232,0.106,0.133,0.119,0.118,1.0,0.355,1.199,0.143,0.0,0.287,0.027,0.244,0.76,0.828,0.819,0.888,0.262,0.698,0.737,0,0,0,1.0,,,0,0,-6,-0.826,0.479
Mexico,1963,0.232,0.106,0.133,0.119,0.118,1.0,0.355,1.199,0.143,0.0,0.287,0.027,0.244,0.76,0.828,0.819,0.888,0.262,0.698,0.737,0,0,0,1.0,,,0,0,-6,-0.826,0.479
Mexico,1964,0.231,0.105,0.133,0.119,0.118,1.0,0.313,1.199,0.143,0.0,0.287,0.027,0.244,0.76,0.828,0.819,0.888,0.262,0.698,0.737,0,0,0,1.0,,,0,0,-6,-0.826,0.479
Mexico,1965,0.231,0.105,0.134,0.118,0.119,1.0,0.313,1.199,0.143,0.0,0.287,0.027,0.244,0.76,0.828,0.819,0.889,0.262,0.698,0.737,0,0,0,1.0,,,0,0,-6,-0.826,0.479
Mexico,1966,0.231,0.105,0.134,0.118,0.119,1.0,0.313,1.199,0.143,0.0,0.287,0.027,0.244,0.76,0.828,0.819,0.889,0.262,0.698,0.737,0,0,0,1.0,,,0,0,-6,-0.826,0.479
Mexico,1967,0.236,0.106,0.135,0.12,0.12,1.0,0.313,1.199,0.143,0.0,0.287,0.027,0.244,0.76,0.828,0.819,0.888,0.262,0.698,0.737,0,0,0,1.0,,,0,0,-6,-0.826,0.479
Mexico,1968,0.236,0.106,0.137,0.12,0.121,1.0,0.313,1.199,0.143,0.0,0.287,0.027,0.244,0.76,0.828,0.819,0.888,0.212,0.698,0.737,0,0,0,1.0,,,0,0,-6,-1.683,0.479
Mexico,1969,0.241,0.107,0.138,0.122,0.122,1.0,0.313,1.199,0.143,0.0,0.287,0.027,0.244,0.76,0.828,0.819,0.888,0.238,0.698,0.737,0,0,0,1.0,,,0,0,-6,-1.683,0.479
Mexico,1970,0.248,0.108,0.14,0.125,0.129,1.0,0.313,1.199,0.143,0.0,0.282,0.027,0.249,0.76,0.828,0.819,0.886,0.261,0.698,0.779,0,0,0,1.0,,,0,0,-6,-1.489,1.104
Mexico,1971,0.246,0.107,0.144,0.125,0.128,1.0,0.313,1.199,0.143,0.0,0.282,0.027,0.249,0.76,0.828,0.819,0.874,0.293,0.716,0.779,0,0,0,1.0,,,0,0,-6,-1.489,1.104
Mexico,1972,0.249,0.109,0.146,0.125,0.128,1.0,0.313,1.199,0.143,0.0,0.282,0.027,0.249,0.76,0.828,0.819,0.874,0.296,0.716,0.779,0,0,0,1.0,,,0,0,-6,-1.391,1.104
Mexico,1973,0.249,0.109,0.146,0.125,0.131,1.0,0.313,1.199,0.143,0.0,0.282,0.027,0.249,0.76,0.828,0.819,0.874,0.296,0.716,0.779,0,0,0,1.0,,,0,0,-6,-1.391,1.104
Mexico,1974,0.249,0.108,0.146,0.126,0.131,1.0,0.313,1.199,0.143,0.0,0.282,0.027,0.249,0.76,0.828,0.819,0.873,0.296,0.716,0.779,0,0,0,1.0,,,0,0,-6,-1.391,1.104
Mexico,1975,0.249,0.108,0.146,0.126,0.131,1.0,0.313,1.199,0.143,0.0,0.282,0.027,0.249,0.76,0.828,0.819,0.873,0.296,0.716,0.779,0,0,0,1.0,,,0,0,-6,-1.391,1.104
Mexico,1976,0.261,0.111,0.15,0.135,0.134,1.0,0.313,1.199,0.143,0.0,0.282,0.027,0.249,0.76,0.828,0.819,0.855,0.316,0.758,0.779,0,0,0,1.0,,,0,0,-6,-1.114,1.104
Mexico,1977,0.273,0.12,0.161,0.165,0.143,1.0,0.437,1.199,0.071,0.0,0.282,0.039,0.244,0.76,0.828,0.819,0.86,0.374,0.758,0.779,0,0,0,1.0,,,0,0,-3,-0.662,0.938
Mexico,1978,0.296,0.126,0.168,0.173,0.151,1.0,0.437,1.199,0.071,0.0,0.282,0.039,0.244,0.76,0.828,0.819,0.849,0.374,0.807,0.779,0,0,0,1.0,,,0,0,-3,-0.662,0.938
Mexico,1979,0.296,0.126,0.168,0.173,0.154,1.0,0.437,1.199,0.071,0.0,0.282,0.039,0.244,0.76,0.828,0.819,0.854,0.374,0.807,0.779,0,0,0,1.0,,,0,0,-3,-0.662,0.938
Mexico,1980,0.299,0.128,0.17,0.174,0.157,1.0,0.437,1.199,0.071,0.0,0.282,0.039,0.244,0.76,0.828,0.819,0.838,0.374,0.77,0.616,0,0,0,1.0,,,0,0,-3,-0.662,0.013
Mexico,1981,0.304,0.129,0.171,0.176,0.158,1.0,0.437,1.199,0.071,0.0,0.282,0.039,0.25,0.76,0.828,0.819,0.838,0.374,0.77,0.616,0,0,0,1.0,,,0,0,-3,-0.662,0.013
Mexico,1982,0.313,0.136,0.175,0.173,0.161,1.0,0.437,1.199,0.071,0.0,0.292,0.056,0.283,0.681,0.748,0.777,0.803,0.374,0.806,0.616,0,0,0,1.0,,,0,0,-3,-0.662,0.013
Mexico,1983,0.319,0.142,0.177,0.184,0.163,1.0,0.437,1.199,0.071,0.0,0.292,0.085,0.291,0.648,0.748,0.77,0.767,0.374,0.806,0.791,0,0,0,1.0,,,0,0,-3,-0.662,0.25
Mexico,1984,0.319,0.142,0.177,0.184,0.163,1.0,0.437,1.199,0.071,0.0,0.292,0.085,0.291,0.648,0.748,0.77,0.767,0.374,0.806,0.791,0,0,0,1.0,,,0,0,-3,-0.662,0.25
Mexico,1985,0.322,0.143,0.187,0.185,0.164,1.0,0.437,1.199,0.071,0.0,0.292,0.085,0.291,0.648,0.748,0.77,0.765,0.402,0.806,0.791,0,0,0,1.0,,,0,0,-3,-0.662,0.25
Mexico,1986,0.325,0.144,0.194,0.185,0.165,1.0,0.437,1.199,0.071,0.0,0.292,0.085,0.291,0.648,0.748,0.77,0.763,0.402,0.806,0.791,0,0,0,1.0,,,0,0,-3,-0.662,0.008
Mexico,1987,0.329,0.147,0.196,0.198,0.167,1.0,0.437,1.199,0.071,0.0,0.292,0.093,0.291,0.648,0.748,0.77,0.763,0.402,0.827,0.791,0,0,0,1.0,,,0,0,-3,-0.662,0.008
Mexico,1988,0.343,0.158,0.202,0.205,0.167,1.0,0.437,1.199,0.071,0.0,0.32,0.13,0.297,0.648,0.748,0.77,0.746,0.402,0.827,0.791,0,0,0,1.0,,,0,0,0,-0.662,0.008
Mexico,1989,0.367,0.175,0.213,0.249,0.176,1.0,0.469,1.199,0.071,0.0,0.333,0.169,0.309,0.648,0.748,0.766,0.692,0.426,0.862,-0.057,0,0,0,1.0,,,0,0,0,-0.662,0.008
Mexico,1990,0.389,0.188,0.221,0.268,0.187,1.0,0.469,1.199,0.071,0.0,0.381,0.169,0.336,0.648,0.748,0.766,0.673,0.426,0.876,-0.057,0,0,0,1.0,,,0,0,0,-0.662,-0.295
Mexico,1991,0.412,0.198,0.231,0.278,0.196,1.0,0.498,1.199,0.071,0.0,0.381,0.169,0.336,0.648,0.748,0.766,0.653,0.426,0.876,-0.057,0,0,0,1.0,,,0,0,0,-0.662,-0.295
Mexico,1992,0.437,0.212,0.242,0.29,0.206,1.0,0.498,1.199,0.071,0.0,0.381,0.169,0.336,0.648,0.748,0.766,0.62,0.426,0.876,-0.057,0,0,0,1.0,,,0,0,0,-0.662,-0.295
Mexico,1993,0.447,0.216,0.247,0.297,0.211,1.0,0.498,1.199,0.071,0.0,0.381,0.169,0.336,0.648,0.748,0.766,0.62,0.426,0.876,-0.057,0,0,0,1.0,,,0,0,0,-0.662,-0.295
Mexico,1994,0.47,0.259,0.267,0.308,0.225,1.0,0.498,1.199,0.071,0.0,0.513,0.284,0.446,0.577,0.517,0.676,0.626,0.456,0.876,-0.307,0,0,0,1.0,,,0,0,4,-0.416,0.286
Mexico,1995,0.48,0.275,0.286,0.334,0.238,1.0,0.545,1.199,0.071,0.0,0.577,0.284,0.485,0.506,0.517,0.658,0.625,0.473,0.876,-0.307,0,0,0,1.0,,,0,0,4,-0.416,0.01
Mexico,1996,0.508,0.289,0.299,0.351,0.249,2.0,0.545,1.199,0.071,0.0,0.577,0.284,0.485,0.506,0.517,0.658,0.587,0.473,0.882,-0.307,0,0,0,1.0,,,0,0,4,-0.416,-0.194
Mexico,1997,0.556,0.349,0.332,0.379,0.273,2.0,0.545,1.199,0.071,0.0,0.577,0.512,0.503,0.441,0.5,0.639,0.544,0.52,0.902,-0.307,0,0,0,1.0,,,0,0,6,-0.29,-0.194
Mexico,1998,0.598,0.377,0.357,0.408,0.295,2.0,0.545,1.199,0.071,0.0,0.577,0.542,0.503,0.441,0.5,0.637,0.5,0.619,0.902,-0.307,0,0,0,1.0,,,0,0,6,1.008,-0.309
Mexico,1999,0.602,0.38,0.362,0.408,0.299,2.0,0.545,1.199,0.071,0.0,0.577,0.542,0.503,0.441,0.5,0.637,0.5,0.671,0.902,-0.307,0,0,0,1.0,,,0,0,6,1.008,-0.309
Mexico,2000,0.664,0.481,0.418,0.471,0.345,2.0,0.574,1.086,0.0,0.0,0.731,0.76,0.61,0.377,0.345,0.55,0.335,0.767,0.931,-0.757,0,0,0,1.0,,,0,1,8,1.697,-0.072
Mexico,2001,0.677,0.489,0.423,0.537,0.346,2.0,0.556,1.086,0.0,0.0,0.731,0.734,0.62,0.355,0.363,0.548,0.318,0.842,0.931,-0.754,0,0,0,1.0,,,0,0,8,1.697,0.265
Mexico,2002,0.688,0.495,0.428,0.547,0.351,2.0,0.556,1.086,0.0,0.0,0.731,0.734,0.62,0.355,0.363,0.573,0.318,0.842,0.931,-1.06,0,0,0,1.0,,,0,0,8,1.697,0.265
Mexico,2003,0.699,0.502,0.436,0.557,0.362,2.0,0.556,1.086,0.0,0.0,0.731,0.721,0.59,0.497,0.363,0.608,0.313,0.842,0.931,-0.742,0,0,0,1.0,,,0,0,8,1.697,0.265
Mexico,2004,0.71,0.511,0.443,0.567,0.368,2.0,0.556,1.086,0.0,0.0,0.731,0.721,0.59,0.497,0.363,0.608,0.308,0.842,0.931,-1.034,0,0,0,1.0,,,0,0,8,1.697,0.265
Mexico,2005,0.71,0.511,0.443,0.576,0.368,2.0,0.556,1.086,0.059,0.0,0.731,0.721,0.59,0.497,0.363,0.608,0.308,0.842,0.931,-1.134,0,0,0,1.0,,,0,0,8,1.697,0.265
Mexico,2006,0.671,0.479,0.416,0.538,0.348,2.0,0.487,1.086,0.088,0.0,0.731,0.721,0.596,0.488,0.369,0.607,0.356,0.835,0.931,-1.257,0,0,0,1.0,,,0,0,8,1.457,0.646
Mexico,2007,0.637,0.452,0.395,0.526,0.325,2.0,0.528,1.086,0.088,0.0,0.714,0.721,0.585,0.488,0.369,0.607,0.404,0.825,0.931,-1.148,0,0,0,1.0,,,0,0,8,1.475,0.364
Mexico,2008,0.642,0.455,0.4,0.527,0.329,2.0,0.528,1.086,0.088,0.0,0.714,0.721,0.586,0.488,0.369,0.607,0.404,0.825,0.931,-1.259,0,0,0,1.0,,,0,0,8,1.475,0.66
Mexico,2009,0.648,0.46,0.403,0.533,0.328,2.0,0.528,1.086,0.088,0.0,0.714,0.721,0.586,0.488,0.369,0.607,0.408,0.825,0.924,-1.259,,0,0,1.0,,,0,0,8,1.475,0.399
Mexico,2010,0.661,0.47,0.413,0.543,0.339,2.0,0.499,1.086,0.088,0.0,0.739,0.72,0.586,0.499,0.369,0.632,0.411,0.846,0.924,-1.259,,0,0,1.0,,,0,0,8,1.414,0.628
Mexico,2011,0.66,0.469,0.411,0.542,0.342,2.0,0.499,1.086,0.088,0.0,0.739,0.72,0.586,0.499,0.369,0.632,0.411,0.846,0.924,-1.259,,0,0,1.0,,,0,0,8,1.414,0.536
Mexico,2012,0.649,0.461,0.405,0.539,0.336,2.0,0.502,1.086,0.088,0.0,0.719,0.72,0.558,0.518,0.45,0.661,0.416,0.843,0.924,-1.259,,0,0,1.0,,,0,0,8,1.475,0.822
Mexico,2013,0.623,0.425,0.375,0.499,0.319,2.0,0.505,1.086,0.1,0.0,0.712,0.619,0.477,0.63,0.655,0.759,0.44,0.777,0.925,-0.781,,0,0,1.0,,,0,0,8,1.369,0.521
Mexico,2014,0.62,0.424,0.374,0.497,0.32,2.0,0.484,1.086,0.1,0.0,0.712,0.619,0.477,0.63,0.655,0.759,0.44,0.777,0.925,-0.781,,0,0,1.0,,,0,0,8,1.369,0.821
Mexico,2015,0.639,0.433,0.398,0.497,0.333,2.0,0.518,1.086,0.115,0.0,0.709,0.587,0.489,0.63,0.655,0.726,0.456,0.777,0.915,-0.701,,0,0,1.0,,,0,0,8,1.369,0.821
Mexico,2016,0.64,0.433,0.395,0.497,0.333,2.0,0.518,1.086,0.115,0.0,0.709,0.591,0.489,0.63,0.655,0.726,0.437,0.777,0.923,-0.77,,0,0,1.0,,,0,0,8,1.369,0.521
Mexico,2017,0.635,0.439,0.405,0.487,0.331,2.0,0.518,1.086,0.077,0.0,0.709,0.647,0.483,0.63,0.642,0.686,0.438,0.802,0.91,-0.77,,0,0,1.0,,,0,0,8,1.249,0.83
Mexico,2018,0.675,0.455,0.426,0.488,0.371,2.0,0.518,1.086,0.125,0.0,0.662,0.58,0.484,0.622,0.558,0.655,0.433,0.846,0.88,-0.77,,0,0,1.0,,,0,0,8,1.399,0.525
Mexico,2019,0.685,0.434,0.416,0.425,0.395,2.0,0.499,1.086,0.182,0.0,0.687,0.413,0.516,0.526,0.47,0.611,0.457,0.878,0.888,-1.157,,0,0,1.0,,,0,0,,1.311,0.78
Mexico,2020,0.663,0.406,0.408,0.407,0.371,2.0,0.499,1.086,0.136,0.0,0.606,0.448,0.497,0.502,0.443,0.598,0.45,0.829,0.877,-0.964,,0,0,1.0,,,0,0,,1.016,0.658
Mexico,2021,0.618,0.37,0.394,0.383,0.332,2.0,0.513,1.086,0.091,0.0,0.527,0.473,0.478,0.44,0.455,0.51,0.482,0.727,0.858,-0.804,,0,0,1.0,,,,,,0.743,1.189
Mexico,2022,0.586,0.334,0.406,0.358,0.315,2.0,0.513,1.086,0.1,0.0,0.494,0.395,0.435,0.515,0.532,0.549,0.505,0.712,0.848,-0.881,,0,0,1.0,,,,,,0.721,1.409
Mexico,2023,0.549,0.307,0.387,0.333,0.297,2.0,0.513,1.086,0.1,0.0,0.469,0.357,0.432,0.493,0.532,0.533,0.512,0.715,0.743,-0.881,,0,0,1.0,,,,,,0.721,0.999
Mexico,2024,0.505,0.251,0.345,0.26,0.268,2.0,0.417,1.086,0.111,0.0,0.401,0.272,0.388,0.487,0.547,0.564,0.519,0.609,0.757,-0.91,,0,0,1.0,,,,,,0.362,1.479
Nicaragua,1960,0.172,0.034,0.035,0.032,0.027,1.0,0.036,-2.093,0.1,0.0,0.039,0.023,0.019,0.982,0.981,0.944,0.98,0.054,0.231,-1.108,0,0,0,1.0,,,0,0,-8,-2.252,1.697
Nicaragua,1961,0.172,0.034,0.035,0.032,0.027,1.0,0.036,-2.093,0.1,0.0,0.039,0.023,0.019,0.982,0.981,0.944,0.98,0.054,0.233,-1.108,0,0,0,1.0,,,0,0,-8,-2.252,1.697
Nicaragua,1962,0.173,0.034,0.035,0.032,0.027,1.0,0.036,-2.093,0.1,0.0,0.039,0.023,0.019,0.982,0.981,0.944,0.98,0.054,0.233,-1.108,0,0,0,1.0,,,0,0,-8,-2.252,1.697
Nicaragua,1963,0.173,0.034,0.035,0.032,0.027,1.0,0.036,-2.093,0.1,0.0,0.039,0.023,0.019,0.982,0.981,0.944,0.981,0.054,0.233,-1.108,0,0,0,1.0,,,0,0,-8,-2.252,1.697
Nicaragua,1964,0.174,0.034,0.035,0.032,0.027,1.0,0.036,-2.093,0.1,0.0,0.039,0.023,0.019,0.982,0.981,0.944,0.981,0.054,0.231,-1.108,0,0,0,1.0,,,0,0,-8,-2.252,1.697
Nicaragua,1965,0.174,0.034,0.035,0.032,0.027,1.0,0.036,-2.093,0.1,0.0,0.039,0.023,0.019,0.982,0.981,0.944,0.981,0.054,0.233,-1.108,0,0,0,1.0,,,0,0,-8,-2.252,1.697
Nicaragua,1966,0.174,0.035,0.035,0.032,0.027,1.0,0.036,-2.093,0.1,0.0,0.039,0.023,0.019,0.982,0.981,0.944,0.981,0.054,0.233,-1.108,0,0,0,0.0,,,0,0,-8,-2.252,1.697
Nicaragua,1967,0.176,0.035,0.035,0.032,0.027,1.0,0.036,-2.093,0.1,0.0,0.039,0.023,0.019,0.982,0.981,0.944,0.98,0.054,0.233,-1.108,0,0,0,1.0,,,0,0,-8,-2.252,1.697
Nicaragua,1968,0.175,0.035,0.035,0.022,0.027,1.0,0.036,-2.093,0.1,0.0,0.039,0.023,0.019,0.982,0.981,0.944,0.984,0.044,0.231,-1.108,0,0,0,1.0,,,0,0,-8,-2.577,1.697
Nicaragua,1969,0.175,0.035,0.035,0.022,0.027,1.0,0.036,-2.093,0.1,0.0,0.039,0.023,0.019,0.982,0.981,0.944,0.984,0.044,0.233,-1.108,0,0,0,1.0,,,0,0,-8,-2.577,1.697
Nicaragua,1970,0.175,0.037,0.035,0.021,0.027,1.0,0.036,-2.093,0.1,0.0,0.039,0.044,0.019,0.982,0.981,0.944,0.984,0.044,0.233,-0.95,0,0,0,1.0,,,0,0,-8,-2.577,1.697
Nicaragua,1971,0.175,0.035,0.035,0.021,0.027,1.0,0.036,-2.093,0.1,0.0,0.039,0.022,0.019,0.982,0.981,0.944,0.984,0.044,0.233,-0.95,0,0,0,1.0,,,0,0,-8,-2.577,1.697
Nicaragua,1972,0.16,0.031,0.033,0.019,0.025,1.0,0.036,-2.093,0.1,0.0,0.039,0.022,0.019,0.982,0.981,0.944,0.985,0.078,0.231,-0.95,0,0,0,1.0,,,0,0,-8,-2.577,2.083
Nicaragua,1973,0.171,0.034,0.037,0.02,0.026,1.0,0.036,-2.093,0.1,0.0,0.039,0.022,0.019,0.982,0.981,0.944,0.985,0.078,0.233,-0.95,0,0,0,1.0,,,0,0,-8,-2.577,2.083
Nicaragua,1974,0.173,0.034,0.037,0.02,0.026,1.0,0.036,-2.093,0.1,0.0,0.039,0.022,0.019,0.982,0.981,0.944,0.985,0.078,0.233,-0.95,0,0,0,1.0,,,0,0,-8,-2.577,2.083
Nicaragua,1975,0.176,0.035,0.038,0.021,0.027,1.0,0.036,-2.093,0.1,0.0,0.039,0.022,0.019,0.982,0.981,0.944,0.984,0.078,0.233,-0.95,0,0,0,1.0,,,0,0,-8,-2.577,2.083
Nicaragua,1976,0.176,0.035,0.038,0.021,0.027,1.0,0.036,-2.093,0.1,0.0,0.039,0.022,0.019,0.982,0.981,0.944,0.984,0.078,0.231,-0.95,0,0,0,1.0,,,0,0,-8,-2.577,2.083
Nicaragua,1977,0.173,0.034,0.037,0.02,0.029,1.0,0.036,-2.093,0.2,0.0,0.039,0.022,0.018,0.982,0.981,0.944,0.984,0.078,0.233,-0.95,0,0,0,1.0,,,0,0,-8,-2.577,2.083
Nicaragua,1978,0.173,0.034,0.037,0.02,0.03,1.0,0.036,-2.093,0.2,0.0,0.039,0.022,0.018,0.982,0.981,0.944,0.984,0.078,0.233,-0.95,0,0,0,1.0,,,0,0,-8,-2.577,2.083
Nicaragua,1979,0.146,0.024,0.045,0.119,0.06,1.0,0.036,-2.093,0.7,0.0,0.06,,0.062,0.848,0.826,0.848,0.941,0.078,,-0.386,1,0,0,0.0,,,0,0,-3,-2.577,2.324
Nicaragua,1980,0.182,0.082,0.096,0.212,0.15,0.0,0.6,-1.698,0.7,0.0,0.208,,0.359,0.549,0.462,0.551,0.311,0.533,,2.869,0,0,0,0.0,,,0,0,-3,-0.362,1.203
Nicaragua,1981,0.185,0.082,0.097,0.213,0.152,0.0,0.6,-1.698,0.7,0.0,0.208,,0.359,0.549,0.462,0.551,0.302,0.533,,2.869,0,0,0,0.0,,,0,0,-5,-0.362,1.203
Nicaragua,1982,0.171,0.069,0.081,0.201,0.145,0.0,0.549,-1.698,0.7,0.0,0.208,,0.321,0.549,0.462,0.551,0.302,0.387,,2.869,0,0,0,0.0,,,0,0,-5,-0.665,1.551
Nicaragua,1983,0.175,0.07,0.076,0.201,0.146,0.0,0.549,-1.698,0.7,0.0,0.208,,0.321,0.549,0.462,0.551,0.302,0.387,,2.869,0,0,0,0.0,,,0,0,-5,-0.665,1.551
Nicaragua,1984,0.198,0.089,0.096,0.21,0.153,1.0,0.549,-1.698,0.7,0.0,0.261,,0.422,0.586,0.462,0.561,0.268,0.53,,2.869,0,0,0,0.0,,,0,1,-1,-0.358,1.551
Nicaragua,1985,0.359,0.163,0.127,0.277,0.211,1.0,0.549,-1.698,0.2,0.0,0.261,0.317,0.366,0.586,0.502,0.574,0.313,0.435,0.534,2.869,0,0,0,1.0,,,0,0,-1,-0.667,1.929
Nicaragua,1986,0.362,0.159,0.127,0.307,0.212,1.0,0.549,-1.698,0.2,0.0,0.261,0.248,0.366,0.586,0.502,0.623,0.331,0.435,0.534,2.869,0,0,0,1.0,,,0,0,-1,-0.667,1.929
Nicaragua,1987,0.364,0.16,0.128,0.308,0.217,1.0,0.549,-1.698,0.2,0.0,0.258,0.248,0.322,0.719,0.545,0.668,0.331,0.468,0.534,2.869,0,0,0,1.0,,,0,0,-1,-0.667,1.929
Nicaragua,1988,0.38,0.172,0.138,0.316,0.225,1.0,0.549,-1.698,0.2,0.0,0.258,0.248,0.31,0.753,0.618,0.69,0.331,0.468,0.534,2.869,0,0,0,1.0,,,0,0,-1,-0.667,1.929
Nicaragua,1989,0.399,0.18,0.16,0.327,0.234,1.0,0.549,-1.698,0.2,0.0,0.258,0.248,0.31,0.753,0.618,0.69,0.331,0.673,0.534,2.869,0,0,0,1.0,,,0,0,-1,0.106,1.929
Nicaragua,1990,0.634,0.418,0.393,0.534,0.35,2.0,0.838,-0.195,0.2,0.0,0.455,0.742,0.484,0.445,0.439,0.572,0.395,0.788,0.644,-0.424,0,0,0,1.0,,,0,0,6,0.646,-0.54
Nicaragua,1991,0.69,0.473,0.446,0.578,0.366,2.0,0.842,-0.195,0.1,0.333,0.457,0.751,0.53,0.453,0.296,0.57,0.466,0.889,0.632,-0.424,0,0,0,1.0,,,0,0,6,1.557,-0.54
Nicaragua,1992,0.691,0.476,0.437,0.578,0.381,2.0,0.871,-0.195,0.1,0.333,0.457,0.751,0.543,0.412,0.296,0.56,0.466,0.867,0.632,-0.424,0,0,0,1.0,,,0,0,6,1.557,-0.54
Nicaragua,1993,0.694,0.482,0.435,0.579,0.368,2.0,0.871,-0.195,0.1,0.333,0.457,0.751,0.558,0.412,0.296,0.56,0.466,0.883,0.632,-0.424,0,0,0,1.0,,,0,0,6,1.773,-0.54
Nicaragua,1994,0.693,0.483,0.435,0.579,0.369,2.0,0.871,-0.195,0.1,0.333,0.457,0.751,0.558,0.412,0.296,0.56,0.466,0.883,0.632,-0.424,0,0,0,1.0,,,0,0,6,1.773,-0.54
Nicaragua,1995,0.692,0.487,0.434,0.578,0.369,2.0,0.871,-0.195,0.1,0.333,0.457,0.751,0.559,0.412,0.296,0.542,0.466,0.883,0.607,-0.424,0,0,0,1.0,,,0,0,8,1.773,-0.54
Nicaragua,1996,0.682,0.456,0.426,0.559,0.374,2.0,0.871,-0.195,0.1,0.333,0.324,0.756,0.401,0.659,0.535,0.661,0.477,0.883,0.608,-0.424,0,0,0,1.0,,,0,0,8,1.773,-0.54
Nicaragua,1997,0.635,0.411,0.39,0.487,0.344,2.0,0.871,-0.195,0.1,0.333,0.283,0.732,0.272,0.781,0.855,0.808,0.658,0.868,0.583,-0.424,0,0,0,1.0,,,0,0,8,1.773,-0.54
Nicaragua,1998,0.635,0.411,0.39,0.484,0.316,2.0,0.871,-0.195,0.1,0.333,0.283,0.732,0.272,0.781,0.855,0.808,0.658,0.868,0.583,-0.424,0,0,0,1.0,,,0,0,8,1.773,-0.929
Nicaragua,1999,0.603,0.386,0.354,0.463,0.298,2.0,0.871,-0.195,0.1,0.333,0.283,0.732,0.253,0.781,0.855,0.808,0.658,0.776,0.583,-0.424,0,0,0,1.0,,,0,0,8,1.549,-0.929
Nicaragua,2000,0.589,0.379,0.358,0.454,0.284,2.0,0.871,-0.411,0.1,0.333,0.287,0.732,0.254,0.781,0.855,0.808,0.658,0.776,0.582,0.374,0,0,0,1.0,,,0,0,8,1.549,-0.466
Nicaragua,2001,0.592,0.374,0.36,0.449,0.286,2.0,0.871,-0.411,0.1,0.333,0.247,0.732,0.303,0.681,0.67,0.737,0.657,0.776,0.582,0.374,0,0,0,1.0,,,0,0,8,1.549,-0.466
Nicaragua,2002,0.613,0.382,0.371,0.493,0.299,2.0,0.871,-0.411,0.1,0.333,0.247,0.699,0.315,0.742,0.587,0.736,0.603,0.776,0.582,0.374,0,0,0,1.0,,,0,0,8,1.549,-0.466
Nicaragua,2003,0.608,0.379,0.368,0.49,0.298,2.0,0.871,-0.411,0.1,0.333,0.247,0.699,0.315,0.742,0.587,0.736,0.603,0.734,0.582,0.374,0,0,0,1.0,,,0,0,8,1.549,-0.466
Nicaragua,2004,0.608,0.38,0.368,0.49,0.295,2.0,0.871,-0.411,0.1,0.333,0.247,0.699,0.308,0.742,0.587,0.756,0.603,0.734,0.582,0.374,0,0,0,1.0,,,0,0,8,1.549,-0.466
Nicaragua,2005,0.608,0.38,0.368,0.476,0.295,2.0,0.871,-0.411,0.115,0.333,0.247,0.699,0.308,0.742,0.587,0.756,0.603,0.734,0.582,0.374,0,0,0,1.0,,,0,0,8,1.549,-0.466
Nicaragua,2006,0.56,0.321,0.333,0.437,0.273,2.0,0.857,-0.542,0.115,0.0,0.121,0.642,0.227,0.742,0.607,0.762,0.576,0.675,0.595,0.374,0,0,0,1.0,,,0,0,8,0.899,-0.773
Nicaragua,2007,0.457,0.218,0.271,0.328,0.237,1.0,0.824,-0.542,0.154,0.0,0.084,0.315,0.139,0.83,0.802,0.852,0.585,0.562,0.615,1.762,0,0,0,1.0,,,0,0,9,0.452,-0.442
Nicaragua,2008,0.445,0.204,0.265,0.316,0.231,1.0,0.824,-0.542,0.154,0.0,0.062,0.284,0.12,0.83,0.809,0.849,0.595,0.566,0.615,1.762,0,0,0,1.0,,,0,0,9,0.266,-0.442
Nicaragua,2009,0.443,0.198,0.263,0.317,0.229,1.0,0.824,-0.542,0.154,0.0,0.06,0.244,0.119,0.83,0.809,0.849,0.59,0.566,0.615,1.762,,0,0,1.0,,,0,0,9,0.266,-0.442
Nicaragua,2010,0.436,0.193,0.261,0.297,0.225,1.0,0.797,-0.542,0.154,0.0,0.06,0.244,0.118,0.81,0.83,0.842,0.59,0.565,0.609,1.972,,0,0,1.0,,,0,0,9,0.266,-0.1
Nicaragua,2011,0.427,0.187,0.256,0.29,0.22,1.0,0.769,-1.007,0.154,0.0,0.06,0.244,0.118,0.81,0.83,0.842,0.593,0.565,0.609,1.972,,0,0,1.0,,,0,0,9,0.266,-0.1
Nicaragua,2012,0.369,0.155,0.23,0.261,0.196,1.0,0.769,-1.099,0.154,0.0,0.056,0.167,0.111,0.81,0.83,0.842,0.596,0.541,0.606,1.972,,0,0,1.0,,,0,0,9,0.038,-0.1
Nicaragua,2013,0.323,0.127,0.193,0.144,0.176,1.0,0.769,-1.099,0.136,0.0,0.041,0.053,0.094,0.833,0.854,0.865,0.668,0.393,0.546,1.972,,0,0,1.0,,,0,0,9,-0.164,-0.1
Nicaragua,2014,0.321,0.126,0.188,0.142,0.175,1.0,0.769,-1.099,0.136,0.0,0.041,0.053,0.092,0.833,0.863,0.867,0.668,0.371,0.546,1.972,,0,0,1.0,,,0,0,9,-0.456,-0.1
Nicaragua,2015,0.321,0.126,0.189,0.138,0.167,1.0,0.769,-1.099,0.136,0.0,0.041,0.052,0.092,0.833,0.863,0.875,0.668,0.371,0.546,1.972,,0,0,1.0,,,0,0,9,-0.456,-0.1
Nicaragua,2016,0.309,0.121,0.177,0.131,0.16,1.0,0.769,-1.099,0.136,0.0,0.04,0.041,0.095,0.833,0.863,0.875,0.682,0.351,0.544,1.972,,0,0,1.0,,,1,-1,6,-0.456,-0.1
Nicaragua,2017,0.283,0.103,0.165,0.125,0.14,1.0,0.65,-1.099,0.15,0.0,0.032,0.041,0.082,0.835,0.863,0.88,0.679,0.358,0.576,1.972,,0,0,1.0,,,1,0,6,-0.538,-0.1
Nicaragua,2018,0.223,0.051,0.132,0.027,0.122,1.0,0.16,-1.099,0.222,0.0,0.016,0.045,0.037,0.835,0.89,0.898,0.714,0.138,0.529,1.638,,0,0,1.0,,,1,0,6,-1.888,2.193
Nicaragua,2019,0.217,0.047,0.127,0.026,0.12,1.0,0.146,-1.099,0.222,0.0,0.011,0.045,0.032,0.835,0.89,0.9,0.714,0.124,0.502,1.638,,0,0,1.0,,,1,0,,-1.888,2.057
Nicaragua,2020,0.219,0.045,0.121,0.028,0.116,1.0,0.121,-1.185,0.188,0.0,0.006,0.034,0.018,0.945,0.933,0.938,0.714,0.174,0.474,1.362,,0,0,1.0,,,1,0,,-1.466,1.543
Nicaragua,2021,0.198,0.035,0.111,0.029,0.102,1.0,0.108,-1.736,0.214,0.0,0.004,0.026,0.015,0.896,0.936,0.93,0.766,0.084,0.379,1.244,,0,0,1.0,,,,,,-2.16,1.346
Nicaragua,2022,0.161,0.027,0.098,0.02,0.083,1.0,0.108,-1.648,0.214,0.0,0.002,0.048,0.01,0.947,0.889,0.934,0.784,0.025,0.34,0.886,,0,0,1.0,,,,,,-3.171,1.314
Nicaragua,2023,0.159,0.021,0.096,0.02,0.099,1.0,0.042,-2.062,0.143,0.0,0.005,0.024,0.013,0.861,0.894,0.899,0.792,0.033,0.302,1.163,,0,0,1.0,,,,,,-2.242,1.104
Nicaragua,2024,0.153,0.019,0.094,0.018,0.087,1.0,0.042,-2.062,0.167,0.0,0.003,0.024,0.008,0.91,0.909,0.941,0.855,0.033,0.18,0.612,,0,0,1.0,,,,,,-2.242,0.045
Panama,1960,0.382,0.207,0.197,0.172,0.171,1.0,0.603,0.932,0.5,0.667,0.354,0.306,0.425,0.422,0.355,0.618,0.823,0.597,0.2,-1.901,0,0,0,1.0,,,0,0,4,1.342,-0.903
Panama,1961,0.386,0.209,0.198,0.174,0.173,1.0,0.603,0.932,0.5,0.667,0.354,0.306,0.425,0.422,0.355,0.618,0.823,0.597,0.2,-1.901,0,0,0,1.0,,,0,0,4,1.342,-0.903
Panama,1962,0.386,0.209,0.198,0.174,0.173,1.0,0.603,0.932,0.5,0.667,0.354,0.306,0.425,0.422,0.355,0.618,0.823,0.597,0.2,-1.901,0,0,0,1.0,,,0,0,4,1.342,-0.903
Panama,1963,0.386,0.209,0.198,0.174,0.176,1.0,0.603,0.932,0.5,0.667,0.354,0.306,0.425,0.422,0.355,0.618,0.823,0.597,0.2,-1.901,0,0,0,1.0,,,0,0,4,1.342,-0.903
Panama,1964,0.338,0.19,0.18,0.201,0.16,1.0,0.603,0.932,0.5,0.667,0.354,0.306,0.425,0.422,0.355,0.618,0.82,0.597,0.2,-1.901,0,0,0,1.0,,,0,0,4,1.342,-0.715
Panama,1965,0.324,0.184,0.175,0.151,0.155,1.0,0.603,0.932,0.5,0.667,0.354,0.306,0.425,0.422,0.355,0.618,0.819,0.597,0.2,-1.901,0,0,0,1.0,,,0,0,4,1.342,-1.021
Panama,1966,0.323,0.183,0.174,0.151,0.155,1.0,0.603,0.932,0.5,0.667,0.354,0.306,0.425,0.422,0.355,0.618,0.819,0.597,0.2,-1.901,0,0,0,1.0,,,0,0,4,1.342,-1.021
Panama,1967,0.322,0.192,0.173,0.151,0.154,1.0,0.603,0.932,0.5,0.667,0.354,0.39,0.425,0.422,0.355,0.618,0.819,0.597,0.2,-1.901,0,0,0,1.0,,,0,0,4,1.342,-1.021
Panama,1968,0.207,0.109,0.135,0.153,0.161,1.0,0.309,0.932,0.25,0.0,0.453,0.031,0.327,0.517,0.558,0.684,0.788,0.43,0.184,-0.664,1,1,1,0.0,,,1,-1,-7,0.323,-0.47
Panama,1969,0.092,0.068,0.104,0.1,0.13,0.0,0.217,0.932,0.25,0.0,0.368,0.035,0.274,0.517,0.558,0.624,0.705,0.337,,-0.664,0,0,1,0.0,,,1,0,-7,0.323,-0.42
Panama,1970,0.09,0.068,0.104,0.099,0.145,0.0,0.217,0.932,0.75,0.0,0.368,0.035,0.274,0.517,0.558,0.624,0.705,0.337,,-0.664,0,0,0,0.0,,,1,0,-7,0.323,-0.548
Panama,1971,0.09,0.068,0.104,0.099,0.145,0.0,0.217,0.932,0.75,0.0,0.368,0.035,0.274,0.517,0.558,0.624,0.705,0.337,,-0.664,0,0,0,0.0,,,1,0,-7,0.323,-0.548
Panama,1972,0.095,0.071,0.106,0.1,0.146,0.0,0.217,0.932,0.75,0.0,0.368,0.035,0.274,0.517,0.558,0.624,0.679,0.337,0.182,-0.664,0,0,0,0.0,,,1,0,-7,0.323,-0.548
Panama,1973,0.102,0.075,0.107,0.137,0.148,0.0,0.217,0.932,0.75,0.0,0.368,0.029,0.274,0.517,0.558,0.669,0.64,0.337,0.182,-0.664,0,0,0,0.0,,,1,0,-7,0.323,-0.548
Panama,1974,0.102,0.075,0.107,0.137,0.148,0.0,0.217,0.932,0.75,0.0,0.368,0.029,0.274,0.517,0.558,0.669,0.64,0.337,0.182,-0.664,0,0,0,0.0,,,1,0,-7,0.323,-0.548
Panama,1975,0.102,0.075,0.107,0.123,0.148,0.0,0.217,0.932,0.75,0.0,0.368,0.029,0.274,0.517,0.558,0.669,0.64,0.337,0.182,-0.664,0,0,0,0.0,,,1,0,-7,0.323,-0.548
Panama,1976,0.102,0.075,0.107,0.116,0.148,0.0,0.217,0.932,0.75,0.0,0.368,0.029,0.274,0.517,0.558,0.669,0.64,0.337,0.182,-0.664,0,0,0,0.0,,,1,0,-7,0.323,-0.548
Panama,1977,0.102,0.075,0.118,0.132,0.148,0.0,0.217,0.932,0.75,0.0,0.368,0.029,0.274,0.517,0.558,0.669,0.64,0.337,0.204,-0.664,0,0,0,0.0,,,1,0,-7,0.323,-0.548
Panama,1978,0.105,0.075,0.118,0.133,0.148,0.0,0.217,0.932,0.75,0.0,0.368,0.029,0.274,0.517,0.558,0.669,0.644,0.337,0.204,-0.664,0,0,0,0.0,,,1,0,-6,0.323,-0.548
Panama,1979,0.123,0.078,0.122,0.119,0.153,0.0,0.217,0.932,0.75,0.0,0.368,0.029,0.274,0.517,0.558,0.669,0.649,0.337,0.311,-0.664,0,0,0,0.0,,,1,0,-6,0.323,-0.548
Panama,1980,0.134,0.078,0.125,0.122,0.149,0.0,0.155,0.932,0.75,0.0,0.368,0.029,0.251,0.657,0.558,0.703,0.739,0.337,0.359,-0.664,0,0,0,0.0,,,1,0,-6,0.323,-0.548
Panama,1981,0.125,0.073,0.12,0.104,0.147,0.0,0.155,0.932,0.75,0.0,0.337,0.029,0.214,0.657,0.718,0.742,0.873,0.332,0.359,-0.664,0,0,0,0.0,,,1,0,-6,0.03,-0.421
Panama,1982,0.122,0.069,0.119,0.035,0.13,0.0,0.125,0.932,0.75,0.0,0.337,0.029,0.135,0.917,0.718,0.805,0.866,0.332,0.359,-0.664,0,0,0,0.0,,,1,0,-5,0.03,-0.421
Panama,1983,0.122,0.069,0.12,0.035,0.13,0.0,0.125,0.932,0.75,0.0,0.337,0.029,0.162,0.917,0.538,0.764,0.866,0.332,0.359,-1.028,1,0,0,0.0,,,1,0,-5,0.03,-0.421
Panama,1984,0.134,0.074,0.122,0.042,0.132,1.0,0.165,0.932,0.75,0.0,0.348,0.029,0.173,0.917,0.538,0.764,0.914,0.332,0.311,-1.028,0,0,0,0.0,,,1,0,-6,0.03,-0.421
Panama,1985,0.132,0.074,0.122,0.042,0.132,1.0,0.165,0.932,0.75,0.0,0.348,0.029,0.173,0.917,0.538,0.764,0.91,0.332,0.311,-1.028,0,0,0,0.0,,,1,0,-6,0.03,-0.421
Panama,1986,0.132,0.07,0.122,0.037,0.132,1.0,0.122,0.932,0.75,0.0,0.337,0.029,0.162,0.917,0.538,0.764,0.91,0.332,0.311,-1.028,0,0,0,0.0,,,1,0,-6,0.03,0.09
Panama,1987,0.132,0.07,0.122,0.038,0.132,1.0,0.122,0.932,0.75,0.0,0.337,0.029,0.162,0.917,0.538,0.764,0.91,0.332,0.311,-1.028,0,0,0,0.0,,,1,0,-8,0.03,0.09
Panama,1988,0.132,0.07,0.12,0.034,0.132,1.0,0.122,0.932,0.75,0.0,0.337,0.029,0.162,0.917,0.538,0.764,0.91,0.332,0.311,-1.028,0,0,1,0.0,,,1,0,-8,0.03,0.09
Panama,1989,0.145,0.073,0.122,0.034,0.139,1.0,0.122,0.932,0.5,0.333,0.337,0.029,0.162,0.917,0.538,0.764,0.825,0.332,0.311,-1.028,1,0,1,1.0,,,1,0,8,0.03,0.09
Panama,1990,0.475,0.369,0.301,0.397,0.316,1.0,0.878,-1.277,0.167,1.0,0.725,0.709,0.49,0.851,0.561,0.703,0.582,0.749,0.573,-2.052,0,0,0,1.0,,,1,0,8,1.107,-1.54
Panama,1991,0.68,0.506,0.425,0.552,0.445,2.0,0.878,-1.277,0.167,1.0,0.639,0.709,0.577,0.418,0.468,0.577,0.668,0.749,0.573,-1.432,0,0,0,1.0,,,1,1,8,1.107,-1.54
Panama,1992,0.696,0.517,0.451,0.557,0.466,2.0,0.878,-1.277,0.167,1.0,0.639,0.709,0.577,0.418,0.468,0.577,0.674,0.749,0.573,-1.432,0,0,0,1.0,,,1,0,8,1.107,-1.54
Panama,1993,0.701,0.521,0.45,0.561,0.467,2.0,0.878,-1.277,0.167,1.0,0.639,0.709,0.577,0.418,0.468,0.577,0.674,0.749,0.573,-1.432,0,0,0,1.0,,,1,0,8,1.107,-1.54
Panama,1994,0.708,0.535,0.457,0.587,0.471,2.0,0.934,-0.74,0.167,1.0,0.653,0.709,0.59,0.418,0.468,0.577,0.677,0.749,0.573,-1.432,0,0,0,1.0,,,1,0,9,1.107,-1.54
Panama,1995,0.711,0.536,0.459,0.588,0.477,2.0,0.934,-0.74,0.167,1.0,0.653,0.709,0.59,0.418,0.468,0.577,0.678,0.749,0.573,-1.432,0,0,0,1.0,,,1,0,9,1.107,-1.54
Panama,1996,0.711,0.536,0.459,0.588,0.477,2.0,0.934,-0.74,0.167,1.0,0.653,0.709,0.59,0.418,0.468,0.577,0.678,0.749,0.573,-1.432,0,0,0,1.0,,,1,0,9,1.107,-1.54
Panama,1997,0.711,0.536,0.457,0.588,0.468,2.0,0.934,-0.74,0.167,1.0,0.653,0.709,0.59,0.418,0.468,0.577,0.678,0.749,0.573,-1.432,0,0,0,1.0,,,1,0,9,1.107,-1.54
Panama,1998,0.7,0.528,0.452,0.579,0.458,2.0,0.934,-0.74,0.167,1.0,0.653,0.709,0.59,0.418,0.468,0.577,0.678,0.749,0.573,-1.432,0,0,0,1.0,,,1,0,9,1.107,-1.54
Panama,1999,0.698,0.527,0.45,0.576,0.456,2.0,0.934,-0.74,0.167,1.0,0.653,0.709,0.59,0.418,0.468,0.577,0.684,0.749,0.573,-1.432,0,0,0,1.0,,,1,0,9,1.107,-1.54
Panama,2000,0.727,0.55,0.471,0.625,0.475,2.0,0.934,-0.74,0.167,1.0,0.653,0.709,0.59,0.418,0.468,0.577,0.702,0.757,0.623,-1.432,0,0,0,1.0,,,1,0,9,1.431,-1.54
Panama,2001,0.733,0.553,0.475,0.628,0.48,2.0,0.934,-0.74,0.167,1.0,0.653,0.709,0.59,0.418,0.468,0.577,0.702,0.825,0.623,-1.432,0,0,0,1.0,,,1,0,9,1.431,-1.54
Panama,2002,0.733,0.553,0.475,0.628,0.48,2.0,0.934,-0.74,0.167,1.0,0.653,0.709,0.59,0.418,0.468,0.577,0.702,0.825,0.623,-1.432,0,0,0,1.0,,,1,0,9,1.431,-1.54
Panama,2003,0.733,0.553,0.473,0.628,0.48,2.0,0.934,-0.74,0.167,1.0,0.653,0.709,0.59,0.418,0.468,0.577,0.702,0.825,0.623,-1.432,0,0,0,1.0,,,1,0,9,1.431,-1.54
Panama,2004,0.736,0.561,0.472,0.635,0.481,2.0,0.934,-0.74,0.167,1.0,0.653,0.709,0.607,0.418,0.468,0.577,0.694,0.825,0.623,-1.432,0,0,0,1.0,,,1,0,9,1.431,-1.54
Panama,2005,0.738,0.555,0.471,0.643,0.479,2.0,0.934,-0.74,0.071,1.0,0.593,0.709,0.604,0.418,0.468,0.577,0.678,0.825,0.623,-1.432,0,0,0,1.0,,,1,0,9,1.431,-1.54
Panama,2006,0.738,0.555,0.48,0.646,0.479,2.0,0.934,-0.74,0.071,1.0,0.593,0.709,0.604,0.418,0.468,0.577,0.678,0.825,0.629,-1.432,0,0,0,1.0,,,1,0,9,1.431,-1.54
Panama,2007,0.738,0.555,0.48,0.641,0.479,2.0,0.934,-0.74,0.071,1.0,0.593,0.709,0.604,0.418,0.468,0.577,0.678,0.825,0.629,-1.432,0,0,0,1.0,,,1,0,9,1.431,-1.54
Panama,2008,0.738,0.555,0.48,0.641,0.479,2.0,0.934,-0.74,0.071,1.0,0.593,0.709,0.604,0.418,0.468,0.577,0.678,0.825,0.629,-1.432,0,0,0,1.0,,,1,0,9,1.431,-1.54
Panama,2009,0.742,0.559,0.481,0.652,0.484,2.0,0.934,-0.74,0.071,1.0,0.593,0.709,0.604,0.418,0.468,0.577,0.683,0.825,0.629,-1.432,,0,0,1.0,,,1,0,9,1.431,-1.54
Panama,2010,0.744,0.562,0.482,0.651,0.477,2.0,0.934,-0.74,0.071,1.0,0.593,0.709,0.604,0.418,0.468,0.577,0.715,0.812,0.606,-1.432,,0,0,1.0,,,1,0,9,1.191,-1.54
Panama,2011,0.744,0.562,0.48,0.651,0.477,2.0,0.934,-0.74,0.071,1.0,0.593,0.709,0.604,0.418,0.468,0.577,0.715,0.812,0.606,-1.432,,0,0,1.0,,,1,0,9,1.191,-1.54
Panama,2012,0.744,0.562,0.479,0.651,0.477,2.0,0.934,-0.74,0.071,1.0,0.593,0.709,0.604,0.418,0.468,0.577,0.715,0.812,0.606,-1.432,,0,0,1.0,,,1,0,9,1.191,-1.54
Panama,2013,0.748,0.551,0.483,0.621,0.498,2.0,0.946,-0.74,0.0,0.667,0.493,0.719,0.603,0.403,0.468,0.572,0.703,0.843,0.607,-1.432,,0,0,1.0,,,1,0,9,1.451,-1.54
Panama,2014,0.74,0.546,0.476,0.617,0.493,2.0,0.946,-0.74,0.0,0.667,0.493,0.719,0.603,0.403,0.468,0.572,0.681,0.843,0.607,-1.432,,0,0,1.0,,,1,0,9,1.451,-1.54
Panama,2015,0.756,0.557,0.485,0.629,0.503,2.0,0.946,-0.74,0.0,0.667,0.493,0.719,0.603,0.403,0.468,0.572,0.649,0.856,0.621,-1.432,,0,0,1.0,,,1,0,9,1.879,-1.54
Panama,2016,0.756,0.557,0.483,0.629,0.503,2.0,0.946,-0.74,0.0,0.667,0.493,0.719,0.603,0.403,0.468,0.572,0.649,0.856,0.621,-1.432,,0,0,1.0,,,1,0,9,1.879,-1.54
Panama,2017,0.736,0.552,0.473,0.61,0.482,2.0,0.946,-0.74,0.0,0.667,0.553,0.726,0.617,0.403,0.468,0.545,0.649,0.856,0.621,-1.432,,0,0,1.0,,,1,0,9,1.879,-1.54
Panama,2018,0.728,0.539,0.449,0.605,0.458,2.0,0.931,-0.74,0.0,0.667,0.553,0.726,0.616,0.417,0.468,0.502,0.649,0.845,0.63,-1.432,,0,0,1.0,,,1,0,9,1.623,-1.54
Panama,2019,0.731,0.537,0.442,0.583,0.46,2.0,0.913,-1.256,0.1,0.667,0.553,0.726,0.617,0.417,0.459,0.499,0.642,0.84,0.63,-1.432,,0,0,1.0,,,1,0,,1.666,-1.54
Panama,2020,0.73,0.55,0.447,0.563,0.453,2.0,0.913,-1.256,0.0,0.667,0.633,0.725,0.625,0.417,0.49,0.508,0.661,0.796,0.583,-1.432,,0,0,1.0,,,1,0,,1.666,-1.614
Panama,2021,0.738,0.549,0.447,0.569,0.46,2.0,0.924,-0.751,0.0,0.667,0.598,0.721,0.638,0.336,0.49,0.473,0.648,0.796,0.596,-1.432,,0,0,1.0,,,,,,1.666,-1.614
Panama,2022,0.727,0.563,0.434,0.561,0.454,2.0,0.937,-0.582,0.1,0.667,0.633,0.777,0.654,0.336,0.49,0.473,0.598,0.796,0.583,-1.431,,0,0,1.0,,,,,,1.666,-1.614
Panama,2023,0.725,0.567,0.433,0.55,0.448,2.0,0.937,-0.159,0.0,0.667,0.699,0.777,0.653,0.336,0.504,0.493,0.646,0.846,0.573,-1.315,,0,0,1.0,,,,,,2.184,-0.833
Panama,2024,0.726,0.584,0.436,0.551,0.464,2.0,0.937,-0.017,0.0,0.667,0.73,0.824,0.688,0.288,0.464,0.473,0.613,0.846,0.563,-1.25,,0,0,1.0,,,,,,2.184,-0.995
Paraguay,1960,0.084,0.023,0.05,0.013,0.022,0.0,0.081,-1.566,0.2,0.0,0.092,0.043,0.033,0.94,0.976,0.907,0.971,0.06,,1.44,0,0,0,1.0,,,0,0,-9,-1.802,1.302
Paraguay,1961,0.116,0.032,0.054,0.016,0.027,0.0,0.081,-1.566,0.2,0.0,0.092,0.045,0.033,0.94,0.976,0.92,0.971,0.06,0.181,1.44,0,0,0,1.0,,,0,0,-9,-1.802,1.302
Paraguay,1962,0.149,0.037,0.06,0.02,0.031,0.0,0.081,-1.566,0.2,0.0,0.092,0.045,0.033,0.94,0.976,0.92,0.971,0.06,0.181,1.44,0,0,0,1.0,,,0,0,-9,-1.802,1.302
Paraguay,1963,0.156,0.038,0.061,0.022,0.033,1.0,0.081,-1.566,0.2,0.0,0.092,0.045,0.033,0.94,0.976,0.927,0.97,0.06,0.222,1.44,0,0,0,1.0,,,0,0,-9,-1.802,1.302
Paraguay,1964,0.159,0.038,0.062,0.022,0.033,1.0,0.081,-1.566,0.2,0.0,0.092,0.045,0.033,0.94,0.976,0.927,0.97,0.06,0.222,1.44,0,0,0,1.0,,,0,0,-9,-1.802,1.302
Paraguay,1965,0.159,0.038,0.062,0.022,0.033,1.0,0.081,-1.566,0.2,0.0,0.092,0.045,0.033,0.94,0.976,0.927,0.97,0.06,0.222,1.44,0,0,0,1.0,,,0,0,-9,-1.802,1.302
Paraguay,1966,0.159,0.042,0.062,0.022,0.033,1.0,0.081,-1.566,0.2,0.0,0.135,0.045,0.034,0.94,0.976,0.96,0.97,0.06,0.222,1.44,0,0,0,1.0,,,0,0,-9,-1.802,1.302
Paraguay,1967,0.159,0.042,0.062,0.022,0.033,1.0,0.081,-1.566,0.2,0.0,0.135,0.045,0.034,0.94,0.976,0.96,0.974,0.06,0.222,1.44,0,0,0,1.0,,,0,0,-8,-1.802,1.302
Paraguay,1968,0.159,0.041,0.062,0.02,0.032,1.0,0.057,-1.566,0.2,0.0,0.135,0.045,0.032,0.94,0.976,0.96,0.975,0.06,0.222,1.44,0,0,0,1.0,,,0,0,-8,-1.802,1.088
Paraguay,1969,0.16,0.042,0.063,0.02,0.033,1.0,0.057,-1.566,0.2,0.0,0.135,0.045,0.032,0.94,0.976,0.96,0.975,0.09,0.222,1.44,0,0,0,1.0,,,0,0,-8,-1.802,1.088
Paraguay,1970,0.16,0.042,0.063,0.02,0.036,1.0,0.057,-1.566,0.2,0.0,0.135,0.045,0.032,0.94,0.976,0.96,0.975,0.09,0.222,1.44,0,0,0,1.0,,,0,0,-8,-1.802,1.088
Paraguay,1971,0.16,0.042,0.063,0.02,0.036,1.0,0.057,-1.566,0.2,0.0,0.135,0.045,0.032,0.94,0.976,0.96,0.975,0.09,0.222,1.44,0,0,0,1.0,,,0,0,-8,-1.802,1.088
Paraguay,1972,0.16,0.042,0.063,0.02,0.036,1.0,0.057,-1.566,0.2,0.0,0.135,0.045,0.032,0.94,0.976,0.96,0.975,0.09,0.222,1.44,0,0,0,1.0,,,0,0,-8,-1.802,1.088
Paraguay,1973,0.16,0.042,0.062,0.02,0.038,1.0,0.057,-1.566,0.2,0.0,0.135,0.045,0.032,0.94,0.976,0.96,0.975,0.09,0.222,1.44,0,0,0,1.0,,,0,0,-8,-1.802,1.088
Paraguay,1974,0.16,0.042,0.063,0.02,0.038,1.0,0.057,-1.566,0.2,0.0,0.135,0.045,0.032,0.94,0.976,0.96,0.975,0.075,0.222,1.44,0,0,0,1.0,,,0,0,-8,-1.235,1.088
Paraguay,1975,0.16,0.042,0.063,0.02,0.038,1.0,0.057,-1.566,0.2,0.0,0.135,0.045,0.032,0.94,0.976,0.96,0.975,0.075,0.222,1.44,0,0,0,1.0,,,0,0,-8,-1.235,1.088
Paraguay,1976,0.16,0.042,0.063,0.02,0.038,1.0,0.057,-1.566,0.2,0.0,0.135,0.045,0.032,0.94,0.976,0.96,0.975,0.075,0.222,1.44,0,0,0,1.0,,,0,0,-8,-1.235,1.088
Paraguay,1977,0.159,0.041,0.062,0.02,0.038,1.0,0.057,-1.566,0.2,0.0,0.135,0.045,0.032,0.94,0.976,0.96,0.975,0.075,0.222,1.44,0,0,0,1.0,,,0,0,-8,-1.235,1.088
Paraguay,1978,0.16,0.042,0.062,0.02,0.038,1.0,0.057,-1.566,0.2,0.0,0.135,0.045,0.032,0.94,0.976,0.96,0.972,0.075,0.222,1.44,0,0,0,1.0,,,0,0,-8,-1.235,1.088
Paraguay,1979,0.16,0.042,0.062,0.02,0.038,1.0,0.057,-1.566,0.2,0.0,0.135,0.045,0.032,0.94,0.976,0.96,0.972,0.075,0.222,1.44,0,0,0,1.0,,,0,0,-8,-1.235,1.088
Paraguay,1980,0.163,0.044,0.063,0.02,0.04,1.0,0.104,-1.566,0.2,0.0,0.135,0.045,0.034,0.94,0.976,0.96,0.961,0.104,0.28,1.44,0,0,0,1.0,,,0,0,-8,-0.938,1.088
Paraguay,1981,0.163,0.044,0.063,0.02,0.039,1.0,0.104,-1.566,0.2,0.0,0.135,0.045,0.034,0.94,0.976,0.96,0.961,0.104,0.28,1.44,0,0,0,1.0,,,0,0,-8,-0.938,1.088
Paraguay,1982,0.163,0.044,0.063,0.02,0.04,1.0,0.104,-1.566,0.2,0.0,0.135,0.045,0.034,0.94,0.976,0.96,0.961,0.104,0.28,1.44,0,0,0,1.0,,,0,0,-8,-0.938,1.088
Paraguay,1983,0.163,0.044,0.063,0.02,0.04,1.0,0.104,-1.566,0.3,0.0,0.135,0.045,0.033,0.94,0.976,0.96,0.961,0.104,0.28,1.44,0,0,0,1.0,,,0,0,-8,-0.938,1.088
Paraguay,1984,0.163,0.044,0.063,0.02,0.038,1.0,0.104,-1.566,0.3,0.0,0.135,0.045,0.033,0.94,0.976,0.96,0.961,0.104,0.28,1.44,0,0,0,1.0,,,0,0,-8,-0.938,1.088
Paraguay,1985,0.164,0.044,0.063,0.02,0.038,1.0,0.104,-1.566,0.3,0.0,0.135,0.045,0.033,0.94,0.976,0.96,0.961,0.104,0.28,1.44,0,0,0,1.0,,,0,0,-8,-0.938,1.088
Paraguay,1986,0.164,0.045,0.063,0.02,0.04,1.0,0.104,-1.566,0.3,0.0,0.143,0.045,0.037,0.94,0.976,0.96,0.961,0.104,0.28,1.44,0,0,0,1.0,,,0,0,-8,-0.938,1.088
Paraguay,1987,0.166,0.05,0.063,0.022,0.039,1.0,0.13,-1.566,0.3,0.0,0.167,0.062,0.038,0.94,0.976,0.96,0.961,0.155,0.28,1.44,0,0,0,1.0,,,0,0,-8,-1.198,1.088
Paraguay,1988,0.168,0.051,0.064,0.023,0.041,1.0,0.13,-1.566,0.3,0.0,0.167,0.062,0.038,0.94,0.976,0.96,0.966,0.155,0.28,1.44,0,0,0,1.0,,,0,0,-8,-1.198,1.088
Paraguay,1989,0.19,0.075,0.073,0.042,0.044,1.0,0.13,-0.608,0.4,0.333,0.223,0.267,0.047,0.94,0.976,0.943,0.959,0.302,0.386,1.676,1,1,1,1.0,,,0,0,2,-0.705,1.088
Paraguay,1990,0.387,0.208,0.177,0.209,0.101,1.0,0.666,-0.608,0.4,0.333,0.253,0.375,0.128,0.932,0.943,0.932,0.949,0.74,0.313,2.223,0,0,0,1.0,,,0,0,2,1.16,-0.416
Paraguay,1991,0.401,0.214,0.238,0.215,0.115,1.0,0.666,-0.608,0.4,0.333,0.253,0.375,0.128,0.932,0.943,0.932,0.851,0.74,0.434,2.223,0,0,0,1.0,,,0,0,2,1.16,-0.416
Paraguay,1992,0.479,0.348,0.28,0.249,0.145,1.0,0.779,-0.608,0.3,1.0,0.622,0.673,0.282,0.932,0.913,0.915,0.821,0.809,0.434,2.223,0,0,0,1.0,,,0,0,7,1.16,-0.416
Paraguay,1993,0.511,0.368,0.308,0.264,0.168,2.0,0.779,-0.232,0.3,1.0,0.609,0.653,0.293,0.932,0.913,0.896,0.82,0.809,0.434,2.223,0,0,0,1.0,,,0,0,7,1.16,-0.416
Paraguay,1994,0.519,0.378,0.312,0.27,0.166,2.0,0.779,-0.232,0.3,1.0,0.609,0.696,0.293,0.932,0.913,0.896,0.819,0.809,0.434,2.223,0,0,0,1.0,,,0,0,7,1.16,-0.416
Paraguay,1995,0.519,0.378,0.312,0.27,0.169,2.0,0.779,-0.232,0.3,1.0,0.609,0.696,0.293,0.932,0.913,0.896,0.819,0.809,0.434,2.223,0,0,0,1.0,,,0,0,7,1.16,-0.416
Paraguay,1996,0.526,0.381,0.317,0.272,0.171,2.0,0.779,-0.232,0.3,1.0,0.609,0.696,0.293,0.932,0.913,0.896,0.819,0.809,0.434,2.223,0,0,0,1.0,,,0,0,7,1.16,-0.416
Paraguay,1997,0.531,0.385,0.318,0.272,0.174,2.0,0.779,-0.228,0.3,1.0,0.609,0.696,0.293,0.932,0.913,0.896,0.819,0.809,0.434,2.223,0,0,0,1.0,,,0,0,7,1.16,-0.416
Paraguay,1998,0.534,0.387,0.321,0.275,0.175,2.0,0.779,-0.228,0.3,1.0,0.609,0.696,0.293,0.932,0.913,0.896,0.815,0.809,0.434,2.223,0,0,0,1.0,,,0,0,6,1.16,-0.416
Paraguay,1999,0.536,0.386,0.323,0.282,0.182,2.0,0.779,-0.228,0.3,1.0,0.587,0.696,0.29,0.932,0.913,0.898,0.813,0.809,0.434,2.223,0,0,0,1.0,,,0,0,7,1.16,-0.416
Paraguay,2000,0.54,0.394,0.329,0.283,0.195,2.0,0.848,-0.228,0.1,1.0,0.587,0.696,0.328,0.831,0.913,0.872,0.813,0.809,0.447,1.731,0,0,1,1.0,,,0,0,7,1.16,-0.416
Paraguay,2001,0.54,0.394,0.329,0.283,0.195,2.0,0.848,-0.228,0.0,1.0,0.587,0.696,0.328,0.831,0.913,0.872,0.813,0.809,0.447,1.731,0,0,0,1.0,,,0,0,7,1.16,-0.416
Paraguay,2002,0.54,0.394,0.337,0.283,0.195,2.0,0.848,-0.228,0.0,1.0,0.587,0.696,0.328,0.831,0.913,0.872,0.813,0.823,0.447,1.731,0,0,0,1.0,,,0,0,7,1.16,-0.416
Paraguay,2003,0.566,0.408,0.351,0.309,0.213,2.0,0.848,-0.228,0.0,1.0,0.587,0.696,0.384,0.712,0.85,0.828,0.752,0.823,0.447,1.731,0,0,0,1.0,,,0,1,8,1.16,-0.416
Paraguay,2004,0.594,0.427,0.368,0.344,0.225,2.0,0.848,-0.228,0.0,1.0,0.587,0.696,0.398,0.712,0.778,0.812,0.747,0.823,0.438,1.731,0,0,0,1.0,,,0,0,8,1.16,-0.416
Paraguay,2005,0.594,0.423,0.368,0.344,0.226,2.0,0.848,-0.228,0.091,1.0,0.587,0.69,0.398,0.712,0.778,0.812,0.747,0.823,0.438,1.731,0,0,0,1.0,,,0,0,8,1.16,-0.416
Paraguay,2006,0.594,0.426,0.368,0.341,0.233,2.0,0.848,-0.228,0.091,1.0,0.605,0.69,0.405,0.712,0.778,0.812,0.747,0.823,0.438,1.731,0,0,0,1.0,,,0,0,8,1.16,-0.416
Paraguay,2007,0.594,0.445,0.368,0.341,0.237,2.0,0.848,-0.228,0.091,1.0,0.683,0.72,0.425,0.712,0.778,0.811,0.747,0.823,0.438,1.731,0,0,0,1.0,,,0,0,8,1.16,-0.416
Paraguay,2008,0.62,0.491,0.405,0.437,0.282,2.0,0.867,-0.228,0.091,1.0,0.773,0.802,0.513,0.594,0.687,0.759,0.74,0.867,0.446,1.731,0,0,0,1.0,,,0,0,8,1.83,-0.416
Paraguay,2009,0.636,0.505,0.406,0.453,0.293,2.0,0.867,-0.228,0.091,1.0,0.773,0.802,0.513,0.594,0.687,0.759,0.726,0.873,0.446,1.731,,0,0,1.0,,,0,0,8,2.433,-0.416
Paraguay,2010,0.64,0.51,0.406,0.454,0.296,2.0,0.867,0.123,0.091,1.0,0.773,0.802,0.513,0.594,0.687,0.759,0.726,0.873,0.439,1.731,,0,0,1.0,,,0,0,8,2.433,-0.416
Paraguay,2011,0.633,0.501,0.421,0.436,0.291,2.0,0.867,0.123,0.091,1.0,0.773,0.802,0.513,0.594,0.687,0.759,0.73,0.858,0.439,1.731,,0,0,1.0,,,0,0,8,1.971,-0.416
Paraguay,2012,0.609,0.48,0.397,0.408,0.263,2.0,0.857,0.123,0.091,1.0,0.773,0.773,0.461,0.696,0.775,0.807,0.76,0.807,0.429,1.731,,0,0,1.0,,,0,0,8,1.63,-0.416
Paraguay,2013,0.589,0.403,0.369,0.325,0.227,2.0,0.851,0.123,0.136,1.0,0.587,0.583,0.381,0.682,0.785,0.828,0.748,0.762,0.497,1.731,,0,0,1.0,,,0,0,9,0.961,-0.416
Paraguay,2014,0.595,0.411,0.373,0.326,0.231,2.0,0.851,0.123,0.136,1.0,0.587,0.583,0.407,0.682,0.776,0.826,0.749,0.788,0.497,1.731,,0,0,1.0,,,0,0,9,1.09,-0.416
Paraguay,2015,0.591,0.417,0.376,0.325,0.235,2.0,0.86,0.123,0.136,1.0,0.593,0.608,0.385,0.694,0.83,0.838,0.747,0.778,0.496,1.731,,0,0,1.0,,,0,0,9,0.906,-0.416
Paraguay,2016,0.591,0.419,0.374,0.33,0.234,2.0,0.902,0.123,0.1,1.0,0.564,0.648,0.38,0.694,0.83,0.838,0.74,0.791,0.512,1.731,,0,0,1.0,,,0,0,9,1.14,-0.416
Paraguay,2017,0.594,0.416,0.369,0.332,0.241,2.0,0.902,0.123,0.1,1.0,0.588,0.643,0.373,0.694,0.808,0.833,0.74,0.791,0.512,1.731,,0,0,1.0,,,0,0,9,1.14,-0.416
Paraguay,2018,0.584,0.416,0.362,0.355,0.233,2.0,0.899,0.123,0.1,0.667,0.597,0.638,0.418,0.673,0.748,0.787,0.726,0.791,0.529,1.731,,0,0,1.0,,,0,0,9,1.14,-0.416
Paraguay,2019,0.584,0.42,0.362,0.382,0.237,2.0,0.899,0.123,0.056,1.0,0.606,0.671,0.42,0.635,0.73,0.791,0.713,0.791,0.517,1.731,,0,0,1.0,,,0,0,,1.14,-0.416
Paraguay,2020,0.582,0.429,0.356,0.353,0.242,2.0,0.857,0.123,0.0,1.0,0.613,0.728,0.432,0.658,0.733,0.768,0.713,0.791,0.524,1.731,,0,0,1.0,,,0,0,,1.14,-0.416
Paraguay,2021,0.582,0.432,0.355,0.353,0.249,2.0,0.857,0.123,0.0,1.0,0.723,0.681,0.463,0.658,0.733,0.768,0.713,0.791,0.516,1.731,,0,0,1.0,,,,,,1.14,-0.332
Paraguay,2022,0.582,0.432,0.353,0.347,0.245,2.0,0.823,0.123,0.0,1.0,0.752,0.681,0.475,0.675,0.733,0.776,0.725,0.791,0.522,1.637,,0,0,1.0,,,,,,1.14,-0.332
Paraguay,2023,0.575,0.419,0.347,0.333,0.244,2.0,0.823,0.123,0.0,1.0,0.725,0.668,0.466,0.675,0.733,0.776,0.715,0.791,0.506,1.637,,0,0,1.0,,,,,,1.14,-0.332
Paraguay,2024,0.579,0.388,0.343,0.313,0.249,2.0,0.846,-0.232,0.0,1.0,0.72,0.441,0.436,0.675,0.733,0.801,0.71,0.745,0.525,1.076,,0,0,1.0,,,,,,1.14,-0.332
Peru,1960,0.354,0.257,0.13,0.192,0.086,1.0,0.831,,0.25,0.333,0.664,0.519,0.667,0.241,0.234,0.429,0.465,0.567,0.482,-1.992,0,0,0,1.0,,,0,0,5,1.312,-0.419
Peru,1961,0.362,0.255,0.133,0.195,0.093,1.0,0.831,,0.25,0.333,0.613,0.519,0.631,0.241,0.234,0.429,0.465,0.567,0.483,-1.992,0,0,0,1.0,,,0,0,5,1.312,-0.419
Peru,1962,0.278,0.14,0.1,0.068,0.073,1.0,0.831,,0.833,0.333,0.603,,0.613,0.241,0.234,0.363,0.451,0.266,0.483,-1.992,1,1,1,0.0,,,1,-1,-6,0.392,-0.419
Peru,1963,0.292,0.183,0.156,0.145,0.098,1.0,0.831,,0.25,0.667,0.269,0.701,0.546,0.241,0.234,0.363,0.434,0.655,0.483,-1.992,1,1,1,1.0,,,1,1,5,1.412,-0.419
Peru,1964,0.415,0.338,0.21,0.242,0.15,1.0,0.831,,0.25,0.667,0.712,0.849,0.697,0.241,0.234,0.414,0.43,0.745,0.482,-1.992,0,0,0,1.0,,,1,0,5,1.68,-0.419
Peru,1965,0.415,0.34,0.21,0.242,0.15,1.0,0.831,,0.25,0.667,0.712,0.867,0.697,0.241,0.234,0.414,0.43,0.745,0.483,-1.992,0,0,0,1.0,,,1,0,5,1.68,-0.419
Peru,1966,0.415,0.34,0.21,0.242,0.152,1.0,0.831,,0.25,0.667,0.712,0.867,0.697,0.241,0.234,0.414,0.43,0.745,0.483,-1.992,0,0,0,1.0,,,1,0,5,1.68,-0.496
Peru,1967,0.412,0.338,0.202,0.24,0.15,1.0,0.831,,0.25,0.667,0.712,0.867,0.697,0.241,0.234,0.414,0.43,0.721,0.483,-1.992,0,0,0,1.0,,,1,0,5,1.68,-0.496
Peru,1968,0.265,0.168,0.163,0.084,0.128,1.0,0.612,,0.875,0.667,0.525,0.452,0.539,0.241,0.234,0.363,0.479,0.603,0.324,-1.992,1,1,1,0.0,,,2,-1,-7,1.41,-0.661
Peru,1969,0.089,0.037,0.111,0.062,0.105,0.0,0.481,,0.875,0.333,0.034,,0.217,0.241,0.324,0.393,0.29,0.284,,0.01,0,0,0,0.0,,,2,0,-7,0.102,-1.143
Peru,1970,0.097,0.037,0.112,0.063,0.116,0.0,0.481,,0.875,0.333,0.034,,0.217,0.241,0.324,0.393,0.29,0.284,,0.01,0,0,0,0.0,,,2,0,-7,0.102,-1.143
Peru,1971,0.097,0.037,0.112,0.063,0.122,0.0,0.481,,0.875,0.333,0.034,,0.217,0.241,0.324,0.393,0.29,0.284,,0.01,0,0,0,0.0,,,2,0,-7,0.102,-1.143
Peru,1972,0.097,0.037,0.112,0.063,0.122,0.0,0.481,,0.875,0.333,0.034,,0.217,0.241,0.324,0.393,0.29,0.284,,0.01,0,0,0,0.0,,,2,0,-7,0.102,-1.143
Peru,1973,0.094,0.037,0.104,0.062,0.123,0.0,0.481,,0.875,0.333,0.034,,0.217,0.241,0.324,0.393,0.29,0.258,,0.01,0,0,0,0.0,,,2,0,-7,0.102,-1.143
Peru,1974,0.092,0.036,0.104,0.062,0.122,0.0,0.481,,0.875,0.333,0.034,,0.217,0.241,0.324,0.393,0.29,0.259,,0.01,0,0,0,0.0,,,2,0,-7,0.156,-1.143
Peru,1975,0.092,0.038,0.097,0.052,0.121,0.0,0.481,,0.875,0.333,0.049,,0.235,0.241,0.324,0.393,0.29,0.259,,0.01,1,1,1,0.0,,,2,0,-7,0.156,-1.143
Peru,1976,0.101,0.04,0.098,0.05,0.122,0.0,0.481,,0.875,0.333,0.049,,0.235,0.241,0.324,0.393,0.29,0.259,,0.01,0,0,0,0.0,,,2,0,-7,0.156,-1.143
Peru,1977,0.101,0.04,0.105,0.05,0.122,0.0,0.481,,0.875,0.333,0.049,,0.235,0.241,0.324,0.393,0.29,0.281,,0.01,0,0,0,0.0,,,2,0,-7,0.156,-0.643
Peru,1978,0.197,0.059,0.14,0.077,0.146,0.0,0.481,,0.875,0.333,0.063,0.272,0.257,0.241,0.324,0.393,0.276,0.401,,-0.274,0,0,0,0.0,,,2,0,-2,0.504,-0.643
Peru,1979,0.179,0.055,0.134,0.072,0.138,0.0,0.481,,0.875,0.333,0.063,0.272,0.257,0.241,0.324,0.393,0.275,0.542,,-0.274,0,0,0,0.0,,,2,0,3,0.504,-0.643
Peru,1980,0.442,0.186,0.249,0.349,0.23,1.0,0.408,,0.25,0.333,0.192,0.414,0.426,0.2,0.263,0.357,0.416,0.701,0.629,-2.331,0,0,0,1.0,,,2,1,7,1.57,2.814
Peru,1981,0.672,0.461,0.361,0.5,0.323,2.0,0.522,,0.25,0.333,0.727,0.588,0.688,0.2,0.263,0.386,0.449,0.713,0.629,-2.331,0,0,0,1.0,,,2,0,7,1.884,2.814
Peru,1982,0.671,0.455,0.371,0.505,0.324,2.0,0.373,,0.25,0.333,0.727,0.588,0.688,0.2,0.263,0.386,0.449,0.705,0.629,-2.331,0,0,0,1.0,,,2,0,7,1.696,2.814
Peru,1983,0.671,0.458,0.371,0.505,0.324,2.0,0.373,,0.25,0.333,0.759,0.588,0.7,0.2,0.263,0.386,0.449,0.705,0.629,-2.331,0,0,0,1.0,,,2,0,7,1.696,2.814
Peru,1984,0.671,0.458,0.371,0.505,0.324,2.0,0.373,,0.25,0.333,0.759,0.588,0.7,0.2,0.263,0.386,0.449,0.705,0.629,-2.331,0,0,0,1.0,,,2,0,7,1.696,2.814
Peru,1985,0.662,0.436,0.367,0.499,0.318,2.0,0.373,,0.25,0.333,0.666,0.588,0.618,0.209,0.401,0.419,0.541,0.669,0.577,-2.331,0,0,0,1.0,,,2,0,7,1.449,2.814
Peru,1986,0.665,0.427,0.369,0.491,0.325,2.0,0.26,,0.25,0.333,0.648,0.588,0.563,0.222,0.45,0.462,0.59,0.669,0.577,-2.331,0,0,0,1.0,,,2,0,7,1.449,2.814
Peru,1987,0.665,0.428,0.369,0.475,0.325,2.0,0.26,,0.25,0.333,0.648,0.588,0.563,0.222,0.45,0.462,0.59,0.669,0.577,-2.331,0,0,0,1.0,,,2,0,7,1.449,2.814
Peru,1988,0.665,0.428,0.369,0.475,0.325,2.0,0.26,,0.25,0.333,0.648,0.588,0.563,0.222,0.45,0.462,0.59,0.669,0.577,-2.331,0,0,0,1.0,,,2,0,7,1.449,2.814
Peru,1989,0.665,0.428,0.369,0.475,0.325,2.0,0.26,,0.25,0.333,0.648,0.588,0.563,0.222,0.45,0.462,0.59,0.669,0.587,-2.331,0,0,0,1.0,,,2,0,7,1.449,2.814
Peru,1990,0.618,0.396,0.354,0.42,0.288,2.0,0.292,,0.25,0.0,0.411,0.8,0.436,0.222,0.728,0.541,0.649,0.673,0.559,-2.331,0,0,0,1.0,,,3,-1,8,1.449,2.814
Peru,1991,0.604,0.395,0.324,0.407,0.287,2.0,0.292,,0.25,0.333,0.477,0.814,0.451,0.222,0.728,0.541,0.647,0.673,0.55,-2.331,0,0,0,1.0,,,3,0,8,1.449,2.814
Peru,1992,0.25,0.114,0.162,0.157,0.139,0.0,0.324,,0.833,0.333,0.178,0.525,0.302,0.222,0.728,0.562,0.641,0.48,0.368,-2.331,0,0,1,0.0,,,3,0,-4,0.367,2.814
Peru,1993,0.255,0.095,0.172,0.144,0.141,0.0,0.143,,0.75,0.0,0.057,0.231,0.167,0.222,0.768,0.691,0.622,0.48,0.203,-2.331,0,0,0,0.0,,,3,0,-1,0.367,2.138
Peru,1994,0.251,0.093,0.17,0.143,0.139,0.0,0.143,,0.75,0.0,0.057,0.231,0.167,0.222,0.768,0.691,0.622,0.58,0.203,-2.331,0,0,0,0.0,,,3,0,-1,0.367,1.489
Peru,1995,0.288,0.106,0.185,0.157,0.154,1.0,0.143,,0.25,0.0,0.057,0.231,0.167,0.222,0.768,0.691,0.685,0.58,0.202,-2.331,0,0,0,1.0,,,3,0,-1,0.367,1.489
Peru,1996,0.365,0.128,0.216,0.183,0.182,1.0,0.143,,0.25,0.0,0.059,0.231,0.173,0.222,0.768,0.691,0.709,0.58,0.204,-2.331,0,0,0,1.0,,,3,0,-1,0.367,0.814
Peru,1997,0.365,0.126,0.212,0.183,0.182,1.0,0.097,,0.25,0.0,0.059,0.231,0.163,0.222,0.768,0.691,0.709,0.58,0.204,-2.331,0,0,0,1.0,,,3,0,-1,0.367,0.814
Peru,1998,0.353,0.121,0.205,0.179,0.177,1.0,0.097,,0.25,0.0,0.052,0.231,0.165,0.222,0.768,0.683,0.709,0.58,0.218,-2.331,0,0,0,1.0,,,3,0,-1,0.367,0.814
Peru,1999,0.353,0.121,0.204,0.179,0.177,1.0,0.097,,0.25,0.0,0.052,0.231,0.165,0.222,0.768,0.683,0.709,0.58,0.218,-2.331,0,0,0,1.0,,,3,0,-1,0.367,0.814
Peru,2000,0.418,0.189,0.261,0.329,0.25,1.0,0.142,,0.125,1.0,0.101,0.514,0.228,0.218,0.697,0.655,0.679,0.659,0.246,-2.331,0,0,1,1.0,,,3,0,4,0.744,-1.116
Peru,2001,0.728,0.568,0.479,0.667,0.429,2.0,0.885,,0.125,0.333,0.761,0.722,0.743,0.191,0.142,0.474,0.624,0.867,0.282,-2.331,0,0,0,1.0,,,3,1,9,2.18,-1.413
Peru,2002,0.797,0.649,0.542,0.728,0.471,2.0,0.885,,0.0,0.333,0.804,0.831,0.723,0.191,0.324,0.516,0.613,0.867,0.248,-2.331,0,0,0,1.0,,,3,0,9,2.18,-1.651
Peru,2003,0.797,0.654,0.545,0.728,0.476,2.0,0.885,,0.0,0.333,0.804,0.849,0.723,0.191,0.324,0.516,0.613,0.867,0.248,-2.331,0,0,0,1.0,,,3,0,9,2.18,-1.651
Peru,2004,0.795,0.653,0.543,0.677,0.476,2.0,0.885,,0.125,0.333,0.804,0.849,0.723,0.191,0.324,0.516,0.613,0.867,0.248,-2.331,0,0,0,1.0,,,3,0,9,2.18,-1.651
Peru,2005,0.795,0.66,0.542,0.677,0.478,2.0,0.885,0.766,0.093,0.333,0.844,0.849,0.747,0.191,0.324,0.516,0.613,0.867,0.248,-2.331,0,0,0,1.0,,,3,0,9,2.18,-1.651
Peru,2006,0.793,0.653,0.527,0.667,0.474,2.0,0.885,0.624,0.077,0.333,0.819,0.845,0.725,0.197,0.355,0.533,0.605,0.848,0.258,-2.331,0,0,0,1.0,,,3,0,9,1.831,-1.6
Peru,2007,0.801,0.65,0.53,0.649,0.487,2.0,0.885,0.624,0.115,0.333,0.807,0.798,0.716,0.197,0.355,0.533,0.6,0.843,0.259,-1.911,0,0,0,1.0,,,3,0,9,1.667,-1.6
Peru,2008,0.805,0.652,0.53,0.65,0.492,2.0,0.885,0.624,0.077,0.333,0.807,0.798,0.716,0.197,0.355,0.533,0.6,0.843,0.259,-1.911,0,0,0,1.0,,,3,0,9,1.667,-1.6
Peru,2009,0.799,0.647,0.525,0.644,0.488,2.0,0.885,0.624,0.077,0.333,0.807,0.798,0.716,0.197,0.355,0.533,0.6,0.841,0.259,-1.911,,0,0,1.0,,,3,0,9,1.625,-1.6
Peru,2010,0.806,0.654,0.571,0.649,0.492,2.0,0.885,0.624,0.115,0.333,0.807,0.806,0.718,0.207,0.362,0.542,0.62,0.841,0.246,-2.171,,0,0,1.0,,,3,0,9,1.625,-1.506
Peru,2011,0.811,0.666,0.593,0.663,0.501,2.0,0.885,0.624,0.077,0.333,0.815,0.829,0.753,0.169,0.246,0.505,0.617,0.854,0.228,-2.171,,0,0,1.0,,,3,0,9,1.87,-1.506
Peru,2012,0.823,0.694,0.601,0.668,0.51,2.0,0.885,0.542,0.038,0.333,0.83,0.881,0.762,0.169,0.231,0.514,0.606,0.854,0.227,-2.171,,0,0,1.0,,,3,0,9,1.87,-1.555
Peru,2013,0.82,0.684,0.584,0.653,0.505,2.0,0.885,0.542,0.042,0.333,0.825,0.875,0.726,0.203,0.282,0.538,0.606,0.885,0.225,-2.171,,0,0,1.0,,,3,0,9,2.224,-1.555
Peru,2014,0.82,0.686,0.584,0.654,0.509,2.0,0.885,0.542,0.042,0.333,0.825,0.875,0.726,0.203,0.282,0.538,0.632,0.885,0.225,-2.171,,0,0,1.0,,,3,0,9,2.224,-1.555
Peru,2015,0.816,0.688,0.576,0.625,0.505,2.0,0.911,0.542,0.042,0.667,0.825,0.885,0.749,0.174,0.277,0.523,0.616,0.809,0.213,-2.171,,0,0,1.0,,,3,0,9,1.8,-1.555
Peru,2016,0.781,0.665,0.551,0.608,0.498,2.0,0.911,0.753,0.042,0.667,0.825,0.926,0.748,0.175,0.282,0.525,0.599,0.809,0.244,-1.83,,0,0,1.0,,,3,0,9,1.8,-1.471
Peru,2017,0.788,0.677,0.547,0.622,0.505,2.0,0.911,0.753,0.042,1.0,0.818,0.955,0.749,0.175,0.251,0.52,0.62,0.809,0.269,-2.191,,0,0,1.0,,,3,0,9,1.8,-1.471
Peru,2018,0.807,0.699,0.603,0.62,0.521,2.0,0.911,0.753,0.045,1.0,0.821,0.966,0.77,0.162,0.216,0.508,0.618,0.884,0.275,-2.191,,0,0,1.0,,,3,0,9,2.018,-1.48
Peru,2019,0.802,0.696,0.58,0.598,0.516,2.0,0.911,0.753,0.091,1.0,0.839,0.961,0.759,0.203,0.236,0.526,0.619,0.884,0.246,-2.191,,0,0,1.0,,,3,0,,2.018,-1.48
Peru,2020,0.819,0.709,0.599,0.614,0.523,2.0,0.907,0.532,0.05,1.0,0.843,0.969,0.765,0.204,0.228,0.529,0.476,0.875,0.274,-2.191,,0,0,1.0,,,3,0,,1.76,-0.935
Peru,2021,0.77,0.661,0.542,0.578,0.483,2.0,0.917,0.532,0.1,1.0,0.827,0.976,0.754,0.2,0.19,0.517,0.469,0.881,0.292,-2.191,,0,0,1.0,,,,,,1.909,-0.364
Peru,2022,0.745,0.634,0.514,0.445,0.445,2.0,0.889,0.824,0.111,1.0,0.807,0.972,0.657,0.221,0.57,0.618,0.52,0.864,0.235,-2.169,,0,0,1.0,,,,,,1.481,0.557
Peru,2023,0.712,0.585,0.48,0.414,0.419,2.0,0.874,0.483,0.111,1.0,0.82,0.858,0.701,0.222,0.376,0.572,0.52,0.819,0.243,-2.169,,0,0,1.0,,,,,,0.584,0.12
Peru,2024,0.634,0.493,0.416,0.32,0.369,2.0,0.784,0.483,0.143,1.0,0.784,0.751,0.623,0.337,0.547,0.66,0.66,0.733,0.179,-1.754,,0,0,1.0,,,,,,-0.032,0.034
Suriname,1960,0.526,0.431,0.254,0.393,0.344,2.0,0.777,0.452,0.062,0.0,0.866,0.783,0.81,0.241,0.116,0.108,0.566,0.704,0.668,-0.369,0,,,0.0,,,,,,0.695,-1.297
Suriname,1961,0.526,0.431,0.254,0.393,0.344,2.0,0.777,0.452,0.062,0.0,0.866,0.783,0.81,0.241,0.116,0.108,0.566,0.704,0.668,-0.369,0,,,0.0,,,,,,0.695,-1.297
Suriname,1962,0.526,0.431,0.254,0.393,0.344,2.0,0.777,0.452,0.062,0.0,0.866,0.783,0.81,0.241,0.116,0.108,0.566,0.704,0.668,-0.369,0,,,0.0,,,,,,0.695,-1.297
Suriname,1963,0.527,0.433,0.255,0.395,0.345,2.0,0.809,0.452,0.062,0.0,0.866,0.783,0.81,0.241,0.116,0.108,0.568,0.704,0.668,-0.369,0,,,0.0,,,,,,0.695,-1.297
Suriname,1964,0.527,0.434,0.255,0.396,0.345,2.0,0.809,0.452,0.062,0.0,0.866,0.783,0.81,0.241,0.116,0.108,0.569,0.704,0.668,-0.369,0,,,0.0,,,,,,0.695,-1.297
Suriname,1965,0.527,0.434,0.255,0.396,0.345,2.0,0.809,0.452,0.062,0.0,0.866,0.783,0.81,0.241,0.116,0.108,0.569,0.704,0.668,-0.369,0,,,0.0,,,,,,0.695,-1.297
Suriname,1966,0.527,0.434,0.255,0.396,0.345,2.0,0.809,0.452,0.062,0.0,0.866,0.783,0.81,0.241,0.116,0.108,0.569,0.704,0.668,-0.369,0,,,0.0,,,,,,0.695,-1.297
Suriname,1967,0.527,0.433,0.255,0.395,0.345,2.0,0.809,0.452,0.062,0.0,0.866,0.783,0.81,0.241,0.116,0.108,0.571,0.704,0.678,-0.369,0,,,0.0,,,,,,0.695,-1.297
Suriname,1968,0.527,0.432,0.255,0.395,0.344,2.0,0.809,0.452,0.062,0.0,0.866,0.783,0.81,0.241,0.116,0.108,0.572,0.704,0.678,-0.369,0,,,0.0,,,,,,0.695,-1.297
Suriname,1969,0.526,0.432,0.254,0.395,0.344,2.0,0.809,0.452,0.062,0.0,0.866,0.783,0.81,0.241,0.116,0.108,0.575,0.704,0.678,-0.369,0,,,0.0,,,,,,0.695,-1.297
Suriname,1970,0.527,0.434,0.267,0.394,0.343,2.0,0.809,0.452,0.062,0.0,0.866,0.783,0.81,0.241,0.116,0.108,0.591,0.75,0.678,-0.369,0,,,0.0,,,,,,0.695,-1.297
Suriname,1971,0.527,0.434,0.264,0.394,0.343,2.0,0.809,0.452,0.062,0.0,0.866,0.783,0.81,0.241,0.116,0.108,0.591,0.75,0.678,-0.369,0,,,0.0,,,,,,0.695,-1.297
Suriname,1972,0.527,0.434,0.264,0.394,0.343,2.0,0.809,0.452,0.062,0.0,0.866,0.783,0.81,0.241,0.116,0.108,0.591,0.75,0.678,-0.369,0,,,0.0,,,,,,0.695,-1.297
Suriname,1973,0.524,0.433,0.262,0.393,0.342,2.0,0.809,0.452,0.062,0.0,0.866,0.783,0.81,0.241,0.116,0.108,0.592,0.727,0.686,-0.369,0,,,0.0,,,,,,0.225,-1.297
Suriname,1974,0.528,0.437,0.263,0.395,0.344,2.0,0.863,0.452,0.062,0.0,0.866,0.783,0.805,0.241,0.116,0.108,0.596,0.756,0.686,-0.369,0,,,0.0,,,,,,0.713,-1.297
Suriname,1975,0.371,0.341,0.198,0.311,0.26,1.0,0.901,-0.899,0.125,0.0,0.866,0.783,0.809,0.241,0.134,0.112,0.596,0.849,0.736,-0.369,0,0,0,0.0,,,0,0,5,1.13,-1.467
Suriname,1976,0.731,0.62,0.378,0.555,0.52,2.0,0.901,-0.899,0.125,0.333,0.878,0.859,0.812,0.241,0.134,0.144,0.596,0.862,0.736,-0.369,0,0,0,0.0,,,0,0,5,1.307,-1.467
Suriname,1977,0.732,0.615,0.378,0.556,0.521,2.0,0.901,-0.899,0.125,0.333,0.878,0.833,0.812,0.241,0.134,0.144,0.595,0.862,0.728,-0.369,0,0,0,0.0,,,0,0,5,1.307,-1.467
Suriname,1978,0.742,0.627,0.384,0.563,0.527,2.0,0.901,-0.899,0.125,0.333,0.878,0.855,0.812,0.241,0.134,0.144,0.591,0.885,0.728,-0.369,0,0,0,0.0,,,0,0,5,1.307,-1.467
Suriname,1979,0.742,0.627,0.384,0.563,0.529,2.0,0.901,-0.899,0.125,0.333,0.878,0.855,0.812,0.241,0.134,0.144,0.591,0.885,0.728,-0.369,0,0,0,0.0,,,0,0,5,1.307,-1.467
Suriname,1980,0.221,0.176,0.131,0.073,0.215,0.0,0.364,-0.899,0.75,0.333,0.796,0.515,0.675,0.285,0.253,0.198,0.667,0.52,0.658,-0.448,1,2,2,0.0,,,1,-1,-1,-0.844,-0.825
Suriname,1981,0.174,0.144,0.113,0.049,0.195,0.0,0.364,-0.899,0.75,0.333,0.785,0.488,0.654,0.285,0.253,0.198,0.667,0.503,,0.755,0,0,0,0.0,,,1,0,-1,-0.91,-0.825
Suriname,1982,0.167,0.143,0.111,0.047,0.193,0.0,0.364,-0.899,0.75,0.333,0.785,0.488,0.657,0.285,0.253,0.198,0.667,0.502,,0.755,0,0,0,0.0,,,1,0,-6,-0.934,-0.825
Suriname,1983,0.163,0.142,0.111,0.047,0.192,0.0,0.364,-0.899,0.75,0.333,0.785,0.488,0.657,0.285,0.253,0.198,0.667,0.489,,0.755,0,0,0,0.0,,,1,0,-6,-1.253,-0.825
Suriname,1984,0.163,0.142,0.111,0.072,0.192,0.0,0.364,-0.899,0.75,0.333,0.785,0.488,0.657,0.285,0.253,0.198,0.667,0.489,,0.755,0,0,0,0.0,,,1,0,-6,-1.253,-0.825
Suriname,1985,0.172,0.188,0.112,0.073,0.191,0.0,0.364,-0.899,0.75,0.333,0.785,0.471,0.657,0.285,0.253,0.19,0.667,0.574,0.658,0.755,0,0,0,0.0,,,1,0,-6,-1.046,-0.825
Suriname,1986,0.171,0.188,0.117,0.098,0.192,0.0,0.364,-0.899,0.75,0.333,0.785,0.471,0.657,0.285,0.253,0.19,0.667,0.574,0.658,0.755,0,0,0,0.0,,,1,0,-6,-1.046,-0.75
Suriname,1987,0.194,0.226,0.187,0.119,0.2,0.0,0.364,-0.899,0.7,0.333,0.785,0.798,0.657,0.285,0.253,0.228,0.663,0.587,0.736,0.755,0,0,0,0.0,,,1,0,-1,-1.099,-0.942
Suriname,1988,0.623,0.477,0.412,0.492,0.445,2.0,0.467,-0.899,0.1,1.0,0.8,0.798,0.696,0.285,0.227,0.221,0.621,0.807,0.736,0.755,0,0,0,0.0,,,1,1,-1,0.941,-0.942
Suriname,1989,0.731,0.577,0.499,0.573,0.522,2.0,0.649,-0.899,0.1,1.0,0.799,0.83,0.708,0.313,0.223,0.229,0.621,0.926,0.736,0.755,0,0,0,0.0,,,1,0,-1,2.52,-0.942
Suriname,1990,0.731,0.559,0.504,0.578,0.521,2.0,0.836,-0.899,0.6,1.0,0.838,0.564,0.751,0.313,0.223,0.2,0.621,0.926,0.736,0.907,1,0,0,0.0,,,2,-1,2,2.52,-1.11
Suriname,1991,0.451,0.375,0.332,0.38,0.352,1.0,0.872,-0.899,0.1,1.0,0.838,0.831,0.752,0.313,0.223,0.2,0.599,0.926,0.736,0.907,0,0,0,0.0,,,2,1,5,2.52,-1.11
Suriname,1992,0.755,0.63,0.516,0.607,0.547,2.0,0.872,-0.899,0.1,1.0,0.838,0.825,0.76,0.313,0.223,0.228,0.584,0.926,0.736,0.907,0,0,0,0.0,,,2,0,5,2.52,-1.11
Suriname,1993,0.757,0.639,0.517,0.607,0.557,2.0,0.872,-0.899,0.1,1.0,0.87,0.836,0.783,0.3,0.2,0.222,0.584,0.935,0.736,0.907,0,0,0,0.0,,,2,0,5,2.52,-1.271
Suriname,1994,0.757,0.642,0.51,0.607,0.557,2.0,0.872,-0.899,0.1,1.0,0.87,0.848,0.783,0.3,0.2,0.222,0.584,0.935,0.736,0.907,0,0,0,0.0,,,2,0,5,2.52,-1.271
Suriname,1995,0.757,0.642,0.508,0.607,0.557,2.0,0.872,-0.899,0.1,1.0,0.87,0.848,0.783,0.3,0.2,0.222,0.584,0.935,0.736,0.907,0,0,0,0.0,,,2,0,5,2.52,-1.271
Suriname,1996,0.768,0.653,0.511,0.615,0.569,2.0,0.872,-0.899,0.1,1.0,0.87,0.862,0.783,0.3,0.2,0.205,0.615,0.935,0.744,1.05,0,0,0,0.0,,,2,0,5,2.52,-1.271
Suriname,1997,0.773,0.658,0.513,0.623,0.575,2.0,0.872,-0.899,0.1,1.0,0.87,0.862,0.783,0.3,0.2,0.205,0.635,0.935,0.744,1.05,0,0,0,0.0,,,2,0,5,2.52,-1.271
Suriname,1998,0.773,0.658,0.511,0.623,0.575,2.0,0.872,-0.899,0.1,1.0,0.87,0.862,0.783,0.3,0.2,0.205,0.635,0.935,0.744,1.05,0,0,0,0.0,,,2,0,5,2.52,-1.524
Suriname,1999,0.773,0.658,0.508,0.623,0.575,2.0,0.872,-0.899,0.1,1.0,0.87,0.862,0.783,0.3,0.2,0.205,0.635,0.935,0.744,1.05,0,0,0,0.0,,,2,0,5,2.52,-1.524
Suriname,2000,0.784,0.667,0.511,0.628,0.58,2.0,0.872,-0.899,0.1,1.0,0.87,0.862,0.783,0.3,0.2,0.205,0.613,0.935,0.744,1.05,0,0,0,0.0,,,2,0,5,2.52,-1.524
Suriname,2001,0.779,0.665,0.51,0.627,0.582,2.0,0.872,-0.899,0.1,1.0,0.87,0.862,0.783,0.3,0.2,0.205,0.599,0.935,0.744,1.05,0,0,0,0.0,,,2,0,5,2.52,-1.524
Suriname,2002,0.779,0.665,0.508,0.627,0.582,2.0,0.872,-0.899,0.1,1.0,0.87,0.862,0.783,0.3,0.2,0.205,0.599,0.935,0.744,1.05,0,0,0,0.0,,,2,0,5,2.52,-1.524
Suriname,2003,0.779,0.665,0.505,0.627,0.582,2.0,0.872,-0.899,0.1,1.0,0.87,0.862,0.783,0.3,0.2,0.205,0.599,0.935,0.744,1.05,0,0,0,0.0,,,2,0,5,2.52,-1.524
Suriname,2004,0.779,0.665,0.503,0.627,0.582,2.0,0.872,-0.899,0.1,1.0,0.87,0.862,0.783,0.3,0.2,0.205,0.599,0.935,0.744,1.05,0,0,0,0.0,,,2,0,5,2.52,-1.524
Suriname,2005,0.776,0.661,0.496,0.623,0.578,2.0,0.872,-0.899,0.167,1.0,0.87,0.862,0.783,0.3,0.2,0.205,0.581,0.935,0.744,1.05,0,0,0,0.0,,,2,0,5,2.52,-1.524
Suriname,2006,0.774,0.658,0.496,0.62,0.575,2.0,0.872,-0.899,0.167,1.0,0.87,0.862,0.783,0.3,0.2,0.205,0.569,0.935,0.744,1.05,0,0,0,0.0,,,2,0,5,2.52,-1.524
Suriname,2007,0.771,0.657,0.494,0.618,0.573,2.0,0.872,-0.899,0.167,1.0,0.87,0.862,0.783,0.3,0.2,0.205,0.565,0.935,0.775,1.05,0,0,0,0.0,,,2,0,5,2.52,-1.524
Suriname,2008,0.772,0.658,0.493,0.618,0.573,2.0,0.872,-0.899,0.167,1.0,0.87,0.862,0.783,0.3,0.2,0.205,0.565,0.928,0.775,1.05,0,0,0,0.0,,,2,0,5,2.52,-1.524
Suriname,2009,0.772,0.658,0.493,0.618,0.573,2.0,0.872,-0.899,0.167,1.0,0.87,0.862,0.783,0.3,0.2,0.205,0.565,0.928,0.775,1.05,,0,0,0.0,,,2,0,5,2.52,-1.524
Suriname,2010,0.762,0.637,0.484,0.618,0.564,2.0,0.872,-0.899,0.167,1.0,0.85,0.839,0.771,0.337,0.2,0.214,0.562,0.935,0.775,1.05,,0,0,0.0,,,2,0,5,2.52,-1.524
Suriname,2011,0.753,0.629,0.479,0.611,0.565,2.0,0.872,-0.899,0.167,1.0,0.85,0.839,0.771,0.337,0.2,0.214,0.56,0.935,0.775,1.05,,0,0,0.0,,,2,0,5,2.52,-1.524
Suriname,2012,0.753,0.63,0.479,0.611,0.567,2.0,0.872,-0.899,0.167,1.0,0.85,0.825,0.771,0.337,0.2,0.214,0.56,0.935,0.775,1.05,,0,0,0.0,,,2,0,5,2.52,-1.524
Suriname,2013,0.755,0.631,0.474,0.616,0.563,2.0,0.851,-0.899,0.4,0.0,0.841,0.833,0.751,0.412,0.214,0.235,0.399,0.948,0.814,1.05,,0,0,0.0,,,2,0,5,2.711,-1.524
Suriname,2014,0.755,0.631,0.474,0.61,0.558,2.0,0.851,-0.899,0.4,0.0,0.841,0.833,0.751,0.412,0.214,0.235,0.399,0.948,0.814,1.05,,0,0,0.0,,,2,0,5,2.711,-1.524
Suriname,2015,0.762,0.637,0.479,0.615,0.562,2.0,0.851,-0.899,0.4,0.0,0.841,0.833,0.751,0.412,0.214,0.235,0.379,0.948,0.814,1.05,,0,0,0.0,,,2,0,5,2.711,-1.524
Suriname,2016,0.767,0.63,0.484,0.612,0.57,2.0,0.837,-0.899,0.25,0.333,0.83,0.8,0.738,0.412,0.205,0.257,0.324,0.941,0.877,1.05,,0,0,0.0,,,2,0,5,2.444,-1.524
Suriname,2017,0.757,0.632,0.479,0.61,0.56,2.0,0.837,-0.899,0.25,0.333,0.836,0.834,0.72,0.451,0.222,0.277,0.324,0.927,0.877,1.05,,0,0,0.0,,,2,0,5,1.89,-1.524
Suriname,2018,0.76,0.622,0.481,0.611,0.563,2.0,0.848,-0.899,0.25,0.333,0.836,0.775,0.717,0.451,0.207,0.286,0.347,0.927,0.863,1.05,,0,0,0.0,,,2,0,5,1.89,-1.524
Suriname,2019,0.756,0.593,0.476,0.602,0.553,2.0,0.845,-0.176,0.167,0.333,0.829,0.713,0.687,0.451,0.207,0.286,0.629,0.927,0.588,1.05,,0,0,0.0,,,2,0,,1.89,-1.524
Suriname,2020,0.76,0.641,0.483,0.562,0.55,2.0,0.878,-0.514,0.167,0.333,0.863,0.871,0.776,0.241,0.161,0.212,0.595,0.922,0.625,1.222,,0,0,0.0,,,2,0,,1.89,-2.211
Suriname,2021,0.764,0.643,0.496,0.601,0.56,2.0,0.911,-0.921,0.167,0.333,0.814,0.871,0.784,0.241,0.161,0.205,0.565,0.949,0.694,1.064,,0,0,0.0,,,,,,2.637,-0.744
Suriname,2022,0.78,0.655,0.506,0.613,0.579,2.0,0.895,0.263,0.167,0.333,0.837,0.871,0.782,0.241,0.161,0.205,0.57,0.949,0.802,0.945,,0,0,0.0,,,,,,2.637,-1.841
Suriname,2023,0.768,0.639,0.497,0.599,0.564,3.0,0.921,-0.215,0.0,0.0,0.82,0.788,0.805,0.241,0.161,0.202,0.615,0.929,0.691,0.945,,0,0,0.0,,,,,,1.435,-0.126
Suriname,2024,0.768,0.637,0.497,0.599,0.575,2.0,0.921,0.1,0.167,0.0,0.848,0.759,0.816,0.241,0.161,0.173,0.615,0.929,0.691,0.945,,0,0,0.0,,,,,,1.435,-0.42
Trinidad and Tobago,1960,0.482,0.364,0.248,0.211,0.239,1.0,0.897,0.683,0.0,0.333,0.85,0.493,0.869,0.092,0.135,0.154,0.306,0.511,0.532,-0.808,0,,,0.0,,,,,,0.199,-2.209
Trinidad and Tobago,1961,0.481,0.368,0.249,0.21,0.239,1.0,0.897,0.683,0.0,0.333,0.85,0.517,0.869,0.092,0.135,0.154,0.313,0.485,0.541,-0.808,0,,,0.0,,,,,,-0.024,-2.209
Trinidad and Tobago,1962,0.534,0.441,0.28,0.322,0.31,2.0,0.936,1.344,0.0,0.333,0.84,0.725,0.868,0.159,0.135,0.172,0.437,0.624,0.546,-0.616,0,0,0,0.0,,,0,0,4,0.787,-2.209
Trinidad and Tobago,1963,0.549,0.451,0.289,0.332,0.33,2.0,0.936,1.344,0.0,0.333,0.84,0.725,0.868,0.159,0.135,0.172,0.421,0.666,0.546,-0.616,0,0,0,0.0,,,0,0,4,0.787,-2.209
Trinidad and Tobago,1964,0.548,0.451,0.289,0.331,0.329,2.0,0.936,1.344,0.0,0.333,0.84,0.725,0.868,0.159,0.135,0.172,0.421,0.666,0.657,-0.616,0,0,0,0.0,,,0,0,4,0.787,-2.209
Trinidad and Tobago,1965,0.548,0.451,0.289,0.331,0.333,2.0,0.936,1.344,0.0,0.333,0.84,0.725,0.868,0.159,0.135,0.172,0.421,0.666,0.657,-0.616,0,0,0,0.0,,,0,0,4,0.787,-2.209
Trinidad and Tobago,1966,0.552,0.453,0.291,0.339,0.335,2.0,0.936,1.344,0.0,0.333,0.84,0.725,0.868,0.159,0.135,0.172,0.42,0.666,0.674,-0.616,0,0,0,0.0,,,0,0,4,0.787,-2.209
Trinidad and Tobago,1967,0.574,0.47,0.307,0.352,0.347,2.0,0.936,1.344,0.0,0.333,0.84,0.725,0.868,0.159,0.135,0.172,0.412,0.666,0.673,-0.616,0,0,0,0.0,,,0,0,4,0.787,-2.209
Trinidad and Tobago,1968,0.576,0.47,0.308,0.352,0.349,2.0,0.936,1.344,0.0,0.333,0.84,0.725,0.868,0.159,0.135,0.172,0.412,0.666,0.672,-0.616,0,0,0,0.0,,,0,0,4,0.787,-2.209
Trinidad and Tobago,1969,0.58,0.473,0.305,0.356,0.351,2.0,0.936,1.344,0.0,0.333,0.84,0.725,0.868,0.159,0.135,0.172,0.412,0.666,0.673,-0.616,0,0,0,0.0,,,0,0,4,0.787,-0.64
Trinidad and Tobago,1970,0.586,0.48,0.31,0.397,0.388,2.0,0.936,1.344,0.0,0.333,0.84,0.725,0.868,0.159,0.135,0.172,0.412,0.68,0.673,-0.616,0,0,0,0.0,,,0,0,4,0.787,-0.184
Trinidad and Tobago,1971,0.571,0.465,0.302,0.391,0.378,2.0,0.936,1.344,0.0,0.333,0.84,0.705,0.868,0.159,0.135,0.181,0.421,0.68,0.673,-0.616,0,0,0,0.0,,,0,0,4,0.787,-1.402
Trinidad and Tobago,1972,0.559,0.461,0.296,0.384,0.37,2.0,0.936,1.344,0.0,0.333,0.84,0.73,0.86,0.159,0.172,0.189,0.455,0.68,0.664,-0.616,0,0,0,0.0,,,0,0,4,0.787,-1.402
Trinidad and Tobago,1973,0.564,0.464,0.298,0.386,0.374,2.0,0.936,1.344,0.0,0.333,0.84,0.73,0.86,0.159,0.172,0.189,0.455,0.68,0.664,-0.616,0,0,0,0.0,,,0,0,4,0.787,-1.402
Trinidad and Tobago,1974,0.564,0.464,0.298,0.386,0.378,2.0,0.936,1.344,0.0,0.333,0.84,0.73,0.86,0.159,0.172,0.189,0.455,0.68,0.664,-0.616,0,0,0,0.0,,,0,0,4,0.787,-1.402
Trinidad and Tobago,1975,0.562,0.462,0.299,0.383,0.376,2.0,0.936,1.344,0.0,0.333,0.84,0.73,0.86,0.159,0.172,0.189,0.455,0.68,0.664,-0.616,0,0,0,0.0,,,0,0,4,0.787,-1.402
Trinidad and Tobago,1976,0.6,0.496,0.329,0.407,0.401,2.0,0.936,1.344,0.0,0.333,0.84,0.76,0.86,0.159,0.172,0.144,0.458,0.739,0.664,-0.616,0,0,0,0.0,,,0,0,4,1.703,-1.402
Trinidad and Tobago,1977,0.65,0.534,0.359,0.441,0.434,2.0,0.936,1.344,0.0,0.333,0.84,0.76,0.87,0.159,0.172,0.133,0.445,0.85,0.695,-0.616,0,0,0,0.0,,,0,0,4,2.261,-1.402
Trinidad and Tobago,1978,0.657,0.541,0.362,0.493,0.442,2.0,0.936,1.344,0.0,0.333,0.84,0.76,0.867,0.159,0.172,0.133,0.416,0.85,0.695,-0.616,0,0,0,0.0,,,0,0,4,2.261,-1.402
Trinidad and Tobago,1979,0.657,0.541,0.362,0.493,0.442,2.0,0.936,1.344,0.0,0.333,0.84,0.76,0.867,0.159,0.172,0.133,0.416,0.85,0.695,-0.616,0,0,0,0.0,,,0,0,4,2.261,-1.402
Trinidad and Tobago,1980,0.666,0.552,0.37,0.502,0.458,2.0,0.936,1.344,0.0,0.333,0.84,0.765,0.87,0.159,0.172,0.133,0.416,0.85,0.695,-0.723,0,0,0,0.0,,,0,0,4,2.261,-1.402
Trinidad and Tobago,1981,0.673,0.557,0.379,0.509,0.476,2.0,0.936,1.344,0.0,0.333,0.84,0.765,0.87,0.159,0.172,0.133,0.405,0.835,0.748,-0.723,0,0,0,0.0,,,0,0,7,2.121,-1.402
Trinidad and Tobago,1982,0.678,0.562,0.382,0.511,0.498,2.0,0.936,1.344,0.0,0.333,0.84,0.765,0.87,0.159,0.172,0.133,0.335,0.835,0.751,-0.723,0,0,0,0.0,,,0,0,7,2.121,-1.402
Trinidad and Tobago,1983,0.678,0.562,0.382,0.511,0.498,2.0,0.936,1.344,0.0,0.333,0.84,0.765,0.87,0.159,0.172,0.133,0.276,0.835,0.802,-0.723,0,0,0,0.0,,,0,0,7,2.121,-1.402
Trinidad and Tobago,1984,0.681,0.564,0.383,0.514,0.501,2.0,0.936,1.344,0.0,0.333,0.84,0.765,0.87,0.159,0.172,0.133,0.276,0.835,0.802,-0.723,0,0,0,0.0,,,0,0,7,2.121,-1.402
Trinidad and Tobago,1985,0.681,0.564,0.384,0.514,0.501,2.0,0.936,1.344,0.0,0.333,0.84,0.765,0.87,0.159,0.172,0.133,0.276,0.835,0.802,-0.723,0,0,0,0.0,,,0,0,7,2.121,-1.402
Trinidad and Tobago,1986,0.693,0.573,0.401,0.523,0.533,2.0,0.936,1.344,0.0,0.333,0.84,0.765,0.87,0.159,0.172,0.133,0.259,0.849,0.768,-0.723,0,0,0,0.0,,,0,0,8,2.121,-1.402
Trinidad and Tobago,1987,0.725,0.601,0.44,0.548,0.564,2.0,0.936,1.344,0.0,0.333,0.84,0.765,0.87,0.159,0.172,0.133,0.224,0.874,0.787,-0.723,0,0,0,0.0,,,0,0,8,2.121,-1.402
Trinidad and Tobago,1988,0.725,0.601,0.43,0.548,0.564,2.0,0.936,1.344,0.0,0.333,0.84,0.765,0.87,0.159,0.172,0.133,0.224,0.874,0.837,-0.723,0,0,0,0.0,,,0,0,8,2.121,-1.402
Trinidad and Tobago,1989,0.725,0.601,0.43,0.548,0.564,2.0,0.936,1.344,0.0,0.333,0.84,0.765,0.87,0.159,0.172,0.133,0.224,0.874,0.837,-0.723,0,0,0,0.0,,,0,0,8,2.121,-1.402
Trinidad and Tobago,1990,0.73,0.607,0.456,0.551,0.579,2.0,0.936,1.344,0.0,0.333,0.84,0.765,0.86,0.159,0.172,0.145,0.224,0.886,0.837,-0.723,0,0,0,0.0,,,0,0,8,2.121,0.072
Trinidad and Tobago,1991,0.746,0.619,0.466,0.565,0.6,2.0,0.936,1.344,0.0,0.333,0.84,0.765,0.86,0.159,0.172,0.145,0.226,0.936,0.837,-0.723,0,0,0,0.0,,,0,0,8,2.121,-2.192
Trinidad and Tobago,1992,0.765,0.635,0.481,0.581,0.617,2.0,0.936,1.344,0.0,0.333,0.84,0.765,0.86,0.159,0.172,0.145,0.266,0.936,0.827,-0.723,0,0,0,0.0,,,0,0,8,2.121,-2.192
Trinidad and Tobago,1993,0.765,0.635,0.482,0.581,0.617,2.0,0.936,1.344,0.0,0.333,0.84,0.765,0.86,0.159,0.172,0.145,0.266,0.936,0.827,-0.723,0,0,0,0.0,,,0,0,8,2.121,-2.192
Trinidad and Tobago,1994,0.765,0.636,0.482,0.58,0.617,2.0,0.936,1.344,0.0,0.333,0.84,0.765,0.86,0.159,0.172,0.145,0.266,0.936,0.827,-0.723,0,0,0,0.0,,,0,0,8,2.121,-2.192
Trinidad and Tobago,1995,0.76,0.63,0.475,0.577,0.612,2.0,0.936,1.344,0.0,0.333,0.84,0.765,0.854,0.159,0.208,0.154,0.264,0.936,0.827,-0.723,0,0,0,0.0,,,0,0,9,2.121,-2.192
Trinidad and Tobago,1996,0.759,0.63,0.474,0.577,0.612,2.0,0.936,1.344,0.0,0.333,0.84,0.765,0.854,0.159,0.208,0.154,0.298,0.936,0.785,-0.723,0,0,0,0.0,,,0,0,9,2.121,-2.192
Trinidad and Tobago,1997,0.759,0.63,0.474,0.577,0.612,2.0,0.936,1.344,0.0,0.333,0.84,0.765,0.854,0.159,0.208,0.154,0.298,0.936,0.759,-0.723,0,0,0,0.0,,,0,0,9,2.121,-2.192
Trinidad and Tobago,1998,0.759,0.63,0.474,0.577,0.612,2.0,0.936,1.344,0.0,0.333,0.84,0.765,0.854,0.159,0.208,0.154,0.298,0.936,0.807,-0.723,0,0,0,0.0,,,0,0,9,2.121,-2.192
Trinidad and Tobago,1999,0.759,0.63,0.474,0.577,0.612,2.0,0.936,1.344,0.0,0.333,0.84,0.765,0.854,0.159,0.208,0.154,0.298,0.936,0.807,-0.723,0,0,0,0.0,,,0,0,9,2.121,-2.192
Trinidad and Tobago,2000,0.767,0.639,0.488,0.634,0.625,2.0,0.936,1.344,0.0,0.333,0.84,0.775,0.854,0.159,0.208,0.154,0.303,0.936,0.807,-0.723,0,0,0,0.0,,,0,0,9,2.121,-2.192
Trinidad and Tobago,2001,0.731,0.609,0.464,0.609,0.597,2.0,0.936,1.344,0.0,0.333,0.84,0.775,0.854,0.159,0.208,0.154,0.389,0.936,0.807,-0.723,0,0,0,0.0,,,0,0,9,2.121,-2.192
Trinidad and Tobago,2002,0.746,0.621,0.472,0.618,0.61,2.0,0.936,1.344,0.0,0.333,0.84,0.775,0.863,0.159,0.164,0.143,0.379,0.936,0.807,-0.723,0,0,0,0.0,,,0,0,9,2.121,-2.192
Trinidad and Tobago,2003,0.758,0.64,0.482,0.629,0.62,2.0,0.936,1.344,0.0,0.333,0.84,0.81,0.863,0.159,0.164,0.143,0.349,0.936,0.806,-0.723,0,0,0,0.0,,,0,0,9,2.121,-2.192
Trinidad and Tobago,2004,0.758,0.64,0.482,0.629,0.62,2.0,0.936,1.344,0.0,0.333,0.84,0.81,0.863,0.159,0.164,0.143,0.349,0.936,0.806,-0.723,0,0,0,0.0,,,0,0,9,2.121,-2.192
Trinidad and Tobago,2005,0.759,0.639,0.481,0.629,0.627,3.0,0.936,1.344,0.0,0.333,0.84,0.81,0.864,0.159,0.164,0.143,0.349,0.936,0.806,-0.723,0,0,0,0.0,,,0,0,9,2.121,-2.192
Trinidad and Tobago,2006,0.763,0.642,0.485,0.631,0.631,3.0,0.936,1.344,0.0,0.333,0.84,0.81,0.864,0.159,0.164,0.143,0.349,0.936,0.819,-0.723,0,0,0,0.0,,,0,0,9,2.121,-2.192
Trinidad and Tobago,2007,0.76,0.642,0.483,0.629,0.629,3.0,0.936,1.344,0.0,0.333,0.84,0.81,0.864,0.159,0.164,0.143,0.347,0.936,0.819,-0.723,0,0,0,0.0,,,0,0,9,2.121,-2.192
Trinidad and Tobago,2008,0.764,0.646,0.487,0.636,0.635,3.0,0.936,1.344,0.0,0.333,0.84,0.81,0.864,0.159,0.164,0.143,0.338,0.936,0.819,-0.723,0,0,0,0.0,,,0,0,9,2.121,-2.192
Trinidad and Tobago,2009,0.764,0.646,0.487,0.63,0.636,3.0,0.936,1.344,0.0,0.333,0.84,0.81,0.864,0.159,0.164,0.15,0.338,0.936,0.819,-0.723,,0,0,0.0,,,0,0,9,2.121,-2.192
Trinidad and Tobago,2010,0.775,0.654,0.492,0.625,0.649,3.0,0.942,1.344,0.0,0.333,0.84,0.81,0.854,0.159,0.211,0.161,0.356,0.936,0.841,-0.723,,0,0,0.0,,,0,0,9,2.121,-2.192
Trinidad and Tobago,2011,0.78,0.659,0.498,0.631,0.654,3.0,0.942,1.344,0.0,0.333,0.84,0.81,0.854,0.159,0.211,0.161,0.361,0.936,0.841,-0.723,,0,0,0.0,,,0,0,9,2.121,-2.192
Trinidad and Tobago,2012,0.78,0.659,0.498,0.648,0.654,3.0,0.942,1.344,0.0,0.333,0.84,0.81,0.854,0.159,0.211,0.161,0.361,0.936,0.841,-0.723,,0,0,0.0,,,0,0,9,2.121,-2.192
Trinidad and Tobago,2013,0.746,0.631,0.479,0.614,0.584,3.0,0.96,1.344,0.0,0.333,0.84,0.81,0.854,0.159,0.211,0.161,0.422,0.916,0.826,-0.723,,0,0,0.0,,,0,0,9,2.121,-2.192
Trinidad and Tobago,2014,0.746,0.63,0.479,0.614,0.587,3.0,0.96,1.344,0.0,0.333,0.84,0.81,0.854,0.159,0.211,0.161,0.39,0.916,0.826,-0.723,,0,0,0.0,,,0,0,9,2.121,-2.192
Trinidad and Tobago,2015,0.764,0.645,0.492,0.63,0.607,3.0,0.96,1.344,0.0,0.333,0.84,0.81,0.851,0.159,0.211,0.161,0.382,0.916,0.831,-0.723,,0,0,0.0,,,0,0,9,2.121,-2.192
Trinidad and Tobago,2016,0.754,0.638,0.486,0.672,0.6,3.0,0.96,1.344,0.0,0.333,0.84,0.81,0.898,0.122,0.066,0.097,0.347,0.916,0.831,-0.723,,0,0,0.0,,,0,0,9,2.121,-2.192
Trinidad and Tobago,2017,0.75,0.634,0.484,0.676,0.597,3.0,0.944,1.344,0.0,0.333,0.84,0.828,0.89,0.122,0.058,0.118,0.347,0.916,0.831,-0.723,,0,0,0.0,,,0,0,9,2.121,-2.192
Trinidad and Tobago,2018,0.744,0.628,0.479,0.667,0.592,3.0,0.944,1.579,0.0,0.333,0.84,0.808,0.897,0.122,0.058,0.104,0.309,0.916,0.857,-0.723,,0,0,0.0,,,0,0,9,2.121,-2.192
Trinidad and Tobago,2019,0.75,0.64,0.477,0.676,0.602,3.0,0.944,1.579,0.0,0.333,0.84,0.839,0.897,0.122,0.058,0.094,0.309,0.906,0.854,-0.723,,0,0,0.0,,,0,0,,2.121,-2.192
Trinidad and Tobago,2020,0.753,0.632,0.476,0.679,0.608,3.0,0.919,1.401,0.0,0.333,0.84,0.807,0.888,0.134,0.058,0.098,0.287,0.898,0.854,-0.723,,0,0,0.0,,,0,0,,2.121,-2.192
Trinidad and Tobago,2021,0.77,0.642,0.493,0.694,0.613,2.0,0.919,1.401,0.0,0.333,0.84,0.807,0.882,0.084,0.052,0.085,0.313,0.918,0.814,-0.723,,0,0,0.0,,,,,,2.587,-2.192
Trinidad and Tobago,2022,0.755,0.627,0.486,0.682,0.609,2.0,0.89,1.401,0.0,0.333,0.84,0.807,0.89,0.084,0.052,0.085,0.313,0.904,0.814,-0.723,,0,0,0.0,,,,,,1.846,-1.767
Trinidad and Tobago,2023,0.755,0.627,0.486,0.682,0.605,2.0,0.89,1.401,0.0,0.333,0.84,0.807,0.884,0.096,0.052,0.089,0.313,0.904,0.743,-0.723,,0,0,0.0,,,,,,1.846,-1.767
Trinidad and Tobago,2024,0.755,0.627,0.486,0.682,0.605,2.0,0.89,1.401,0.0,0.333,0.84,0.807,0.884,0.096,0.052,0.089,0.313,0.904,0.736,-0.723,,0,0,0.0,,,,,,1.846,-1.767
Uruguay,1960,0.796,0.673,0.598,0.699,0.644,2.0,0.911,-1.41,0.0,0.0,0.836,0.829,0.884,0.1,0.101,0.11,0.385,0.903,0.732,-1.692,0,0,0,1.0,,,1,0,8,2.025,0.733
Uruguay,1961,0.796,0.673,0.598,0.699,0.644,2.0,0.911,-1.41,0.0,0.0,0.836,0.829,0.884,0.1,0.101,0.11,0.385,0.903,0.732,-1.692,0,0,0,1.0,,,1,0,8,2.025,0.733
Uruguay,1962,0.795,0.672,0.597,0.698,0.643,2.0,0.911,-1.41,0.0,0.0,0.836,0.829,0.884,0.1,0.101,0.11,0.386,0.903,0.732,-1.692,0,0,0,1.0,,,1,0,8,2.025,1.088
Uruguay,1963,0.767,0.643,0.569,0.672,0.618,2.0,0.911,-1.41,0.0,0.0,0.836,0.829,0.884,0.1,0.101,0.11,0.391,0.892,0.732,-1.692,0,0,0,1.0,,,1,0,8,1.641,1.088
Uruguay,1964,0.762,0.642,0.559,0.669,0.614,2.0,0.911,-1.41,0.1,0.0,0.836,0.829,0.884,0.1,0.101,0.11,0.391,0.839,0.732,-1.692,0,0,0,1.0,,,1,0,8,1.641,1.088
Uruguay,1965,0.759,0.64,0.553,0.668,0.613,2.0,0.906,-1.41,0.1,0.0,0.836,0.829,0.884,0.1,0.101,0.11,0.391,0.839,0.732,-1.692,0,0,0,1.0,,,1,0,8,1.641,1.088
Uruguay,1966,0.759,0.643,0.573,0.668,0.613,2.0,0.909,-1.41,0.2,0.0,0.836,0.848,0.884,0.1,0.101,0.11,0.392,0.839,0.732,-1.692,0,0,0,1.0,,,1,0,8,1.641,1.088
Uruguay,1967,0.738,0.624,0.559,0.565,0.596,2.0,0.916,-1.41,0.3,0.0,0.814,0.863,0.872,0.1,0.101,0.11,0.324,0.775,0.768,-1.692,0,0,0,1.0,,,1,0,8,1.641,1.088
Uruguay,1968,0.627,0.491,0.473,0.398,0.5,2.0,0.646,-1.41,0.3,0.0,0.737,0.815,0.811,0.1,0.101,0.11,0.324,0.616,0.768,-1.692,0,0,0,1.0,,,1,0,8,-0.201,2.234
Uruguay,1969,0.616,0.484,0.464,0.392,0.487,2.0,0.646,-1.41,0.3,0.0,0.737,0.815,0.811,0.1,0.101,0.11,0.346,0.59,0.768,-1.692,0,0,0,1.0,,,1,0,8,-0.201,2.234
Uruguay,1970,0.589,0.438,0.44,0.375,0.486,2.0,0.42,-1.41,0.3,0.0,0.716,0.815,0.779,0.1,0.101,0.11,0.312,0.553,0.802,-1.692,0,0,0,1.0,,,1,0,8,-0.494,2.234
Uruguay,1971,0.555,0.41,0.415,0.354,0.461,2.0,0.271,-1.41,0.3,0.0,0.716,0.815,0.779,0.1,0.101,0.11,0.311,0.553,0.826,-1.692,0,0,0,1.0,,,1,0,3,-0.494,2.234
Uruguay,1972,0.492,0.343,0.371,0.319,0.416,1.0,0.094,-1.41,0.3,0.0,0.598,0.815,0.727,0.1,0.101,0.11,0.301,0.463,0.826,-1.692,0,0,0,1.0,,,1,0,-3,-0.494,2.234
Uruguay,1973,0.173,0.062,0.101,0.046,0.229,0.0,0.034,-2.669,1.0,0.0,0.248,,0.429,0.194,0.258,0.165,0.365,0.251,,-1.692,1,1,1,0.0,,,2,-1,-8,-1.258,1.791
Uruguay,1974,0.099,0.044,0.085,0.031,0.201,0.0,0.034,-2.669,1.0,0.0,0.208,,0.322,0.233,0.321,0.215,0.365,0.207,,-1.692,0,0,0,0.0,,,2,0,-8,-1.982,1.791
Uruguay,1975,0.099,0.044,0.085,0.031,0.201,0.0,0.034,-2.669,1.0,0.0,0.208,,0.322,0.233,0.321,0.215,0.365,0.207,,-1.692,0,0,0,0.0,,,2,0,-8,-1.982,-0.22
Uruguay,1976,0.093,0.043,0.079,0.031,0.199,0.0,0.034,-2.669,1.0,0.0,0.208,,0.322,0.233,0.321,0.215,0.365,0.147,,-1.692,1,1,1,0.0,,,2,0,-8,-2.209,-0.22
Uruguay,1977,0.093,0.042,0.078,0.031,0.199,0.0,0.034,-2.669,1.0,0.0,0.188,,0.32,0.233,0.321,0.215,0.365,0.147,,-1.692,0,0,0,0.0,,,2,0,-8,-2.209,-0.22
Uruguay,1978,0.093,0.042,0.076,0.031,0.199,0.0,0.034,-2.669,1.0,0.0,0.188,,0.32,0.233,0.321,0.215,0.365,0.147,,-1.692,0,0,0,0.0,,,2,0,-7,-2.209,-0.22
Uruguay,1979,0.094,0.042,0.075,0.031,0.2,0.0,0.034,-2.669,1.0,0.0,0.188,,0.32,0.233,0.321,0.215,0.365,0.147,,-1.692,0,0,0,0.0,,,2,0,-7,-2.209,-0.22
Uruguay,1980,0.105,0.043,0.086,0.057,0.202,0.0,0.055,-2.669,1.0,0.0,0.188,,0.32,0.233,0.321,0.215,0.365,0.332,,-1.692,0,0,0,0.0,,,2,0,-7,-1.609,-0.22
Uruguay,1981,0.105,0.044,0.087,0.034,0.206,0.0,0.055,-2.669,1.0,0.0,0.188,,0.32,0.233,0.321,0.215,0.365,0.388,,-1.692,0,0,0,0.0,,,2,0,-7,-0.898,-0.22
Uruguay,1982,0.111,0.044,0.088,0.034,0.207,0.0,0.055,-2.669,1.0,0.0,0.188,,0.32,0.233,0.321,0.215,0.365,0.388,,-1.692,0,0,0,0.0,,,2,0,-7,-0.898,-0.22
Uruguay,1983,0.111,0.044,0.088,0.034,0.211,0.0,0.055,-2.669,1.0,0.0,0.188,,0.32,0.233,0.321,0.215,0.365,0.388,,-1.692,0,0,0,0.0,,,2,0,-7,-0.898,-0.22
Uruguay,1984,0.129,0.052,0.105,0.05,0.217,1.0,0.179,-2.669,1.0,0.0,0.188,0.059,0.324,0.233,0.321,0.215,0.348,0.388,0.826,-1.692,0,0,0,0.0,,,2,0,-7,-0.898,-1.191
Uruguay,1985,0.687,0.576,0.494,0.584,0.581,3.0,0.71,1.217,0.4,0.0,0.743,0.915,0.922,0.105,0.023,0.042,0.119,0.87,0.922,-2.378,0,0,0,1.0,,,2,1,9,0.603,-1.191
Uruguay,1986,0.819,0.701,0.591,0.739,0.691,3.0,0.962,1.217,0.3,0.0,0.707,0.915,0.937,0.105,0.023,0.039,0.119,0.878,0.933,-2.378,0,0,0,1.0,,,2,0,9,0.603,-1.906
Uruguay,1987,0.819,0.73,0.588,0.739,0.691,3.0,0.964,1.217,0.3,0.0,0.851,0.915,0.954,0.105,0.023,0.039,0.119,0.878,0.933,-2.378,0,0,0,1.0,,,2,0,9,0.603,-1.906
Uruguay,1988,0.819,0.73,0.584,0.739,0.692,3.0,0.964,1.217,0.3,0.0,0.851,0.915,0.954,0.105,0.023,0.039,0.116,0.878,0.933,-2.378,0,0,0,1.0,,,2,0,9,0.603,-1.906
Uruguay,1989,0.82,0.731,0.67,0.741,0.693,3.0,0.964,1.217,0.3,0.0,0.851,0.915,0.954,0.105,0.023,0.039,0.116,0.878,0.933,-2.378,0,0,0,1.0,,,2,0,10,0.603,-1.906
Uruguay,1990,0.841,0.767,0.687,0.77,0.714,3.0,0.964,1.217,0.0,0.0,0.909,0.926,0.955,0.105,0.056,0.047,0.104,0.878,0.933,-2.378,0,0,0,1.0,,,2,0,10,0.603,-1.906
Uruguay,1991,0.841,0.767,0.684,0.77,0.717,3.0,0.964,1.217,0.0,0.0,0.909,0.926,0.955,0.105,0.056,0.047,0.104,0.878,0.933,-2.378,0,0,0,1.0,,,2,0,10,0.603,-1.906
Uruguay,1992,0.841,0.767,0.686,0.77,0.717,3.0,0.964,1.217,0.0,0.0,0.909,0.926,0.955,0.105,0.056,0.047,0.104,0.878,0.933,-2.378,0,0,0,1.0,,,2,0,10,0.603,-1.906
Uruguay,1993,0.841,0.767,0.686,0.77,0.717,3.0,0.964,1.217,0.0,0.0,0.909,0.926,0.955,0.105,0.056,0.047,0.104,0.878,0.933,-2.378,0,0,0,1.0,,,2,0,10,0.603,-1.906
Uruguay,1994,0.842,0.767,0.715,0.77,0.717,3.0,0.933,1.217,0.0,0.0,0.909,0.926,0.955,0.105,0.056,0.047,0.104,0.878,0.933,-2.378,0,0,0,1.0,,,2,0,10,0.603,-1.906
Uruguay,1995,0.87,0.795,0.741,0.799,0.743,3.0,0.933,1.217,0.0,0.0,0.909,0.926,0.959,0.105,0.038,0.042,0.105,0.953,0.933,-2.378,0,0,0,1.0,,,2,0,10,3.185,-1.906
Uruguay,1996,0.87,0.798,0.745,0.799,0.743,3.0,0.977,1.217,0.0,0.0,0.909,0.926,0.96,0.105,0.038,0.042,0.071,0.953,0.964,-2.378,0,0,0,1.0,,,2,0,10,3.185,-1.906
Uruguay,1997,0.87,0.796,0.742,0.799,0.743,3.0,0.977,1.217,0.0,0.0,0.899,0.926,0.958,0.105,0.038,0.042,0.071,0.953,0.964,-2.378,0,0,0,1.0,,,2,0,10,3.185,-1.906
Uruguay,1998,0.877,0.808,0.746,0.806,0.75,3.0,0.977,1.217,0.0,0.0,0.914,0.926,0.96,0.105,0.038,0.042,0.071,0.953,0.964,-2.378,0,0,0,1.0,,,2,0,10,3.185,-1.906
Uruguay,1999,0.876,0.807,0.735,0.806,0.75,3.0,0.977,1.217,0.0,0.0,0.914,0.926,0.96,0.105,0.038,0.042,0.07,0.953,0.964,-2.378,0,0,0,1.0,,,2,0,10,3.185,-1.906
Uruguay,2000,0.874,0.8,0.726,0.811,0.75,3.0,0.977,1.217,0.0,0.0,0.902,0.926,0.957,0.105,0.038,0.042,0.064,0.953,0.964,-2.378,0,0,0,1.0,,,2,0,10,3.185,-2.244
Uruguay,2001,0.874,0.807,0.719,0.811,0.75,3.0,0.977,1.217,0.0,0.0,0.927,0.926,0.961,0.105,0.038,0.042,0.064,0.953,0.964,-2.378,0,0,0,1.0,,,2,0,10,3.185,-2.244
Uruguay,2002,0.874,0.807,0.733,0.811,0.75,3.0,0.977,1.217,0.0,0.0,0.927,0.926,0.961,0.105,0.038,0.042,0.064,0.953,0.964,-2.378,0,0,0,1.0,,,2,0,10,3.185,-2.244
Uruguay,2003,0.874,0.791,0.73,0.813,0.75,3.0,0.977,1.217,0.0,0.0,0.86,0.926,0.951,0.105,0.038,0.042,0.064,0.953,0.964,-2.378,0,0,0,1.0,,,2,0,10,3.185,-2.802
Uruguay,2004,0.875,0.809,0.743,0.813,0.75,3.0,0.977,1.217,0.0,0.0,0.922,0.938,0.96,0.105,0.038,0.042,0.064,0.953,0.964,-2.378,0,0,0,1.0,,,2,0,10,3.185,-2.802
Uruguay,2005,0.889,0.824,0.753,0.841,0.782,3.0,0.977,1.217,0.056,0.0,0.945,0.898,0.965,0.105,0.038,0.042,0.049,0.953,0.964,-2.378,0,0,0,1.0,,,2,0,10,3.185,-2.802
Uruguay,2006,0.892,0.827,0.751,0.843,0.787,3.0,0.977,1.217,0.056,0.0,0.945,0.898,0.965,0.105,0.038,0.042,0.049,0.953,0.964,-2.378,0,0,0,1.0,,,2,0,10,3.185,-2.802
Uruguay,2007,0.892,0.827,0.747,0.843,0.796,3.0,0.977,1.217,0.056,0.0,0.945,0.898,0.965,0.105,0.038,0.042,0.049,0.953,0.964,-2.378,0,0,0,1.0,,,2,0,10,3.185,-2.802
Uruguay,2008,0.892,0.825,0.74,0.843,0.797,3.0,0.977,1.217,0.056,0.0,0.942,0.898,0.965,0.105,0.038,0.042,0.049,0.953,0.964,-2.378,0,0,0,1.0,,,2,0,10,3.185,-2.802
Uruguay,2009,0.894,0.827,0.754,0.847,0.798,3.0,0.977,1.217,0.056,0.0,0.942,0.898,0.965,0.105,0.038,0.042,0.046,0.953,0.964,-2.378,,0,0,1.0,,,2,0,10,3.185,-2.802
Uruguay,2010,0.912,0.848,0.77,0.867,0.816,3.0,0.977,1.217,0.1,0.0,0.932,0.915,0.963,0.105,0.038,0.042,0.032,0.961,0.964,-2.378,,0,0,1.0,,,2,0,10,3.185,-2.802
Uruguay,2011,0.912,0.847,0.767,0.866,0.81,3.0,0.977,1.217,0.1,0.0,0.932,0.915,0.963,0.105,0.038,0.042,0.032,0.961,0.964,-2.378,,0,0,1.0,,,2,0,10,3.185,-2.802
Uruguay,2012,0.912,0.847,0.763,0.866,0.81,3.0,0.977,1.217,0.1,0.0,0.932,0.915,0.963,0.105,0.038,0.042,0.032,0.961,0.964,-2.378,,0,0,1.0,,,2,0,10,3.185,-2.802
Uruguay,2013,0.912,0.846,0.778,0.86,0.817,3.0,0.946,1.217,0.111,0.0,0.937,0.915,0.957,0.105,0.049,0.05,0.032,0.961,0.964,-2.378,,0,0,1.0,,,2,0,10,3.185,-2.802
Uruguay,2014,0.911,0.845,0.773,0.854,0.816,3.0,0.946,1.217,0.111,0.0,0.937,0.915,0.961,0.105,0.049,0.05,0.04,0.961,0.96,-2.378,,0,0,1.0,,,2,0,10,3.185,-2.802
Uruguay,2015,0.897,0.833,0.75,0.831,0.802,3.0,0.946,1.217,0.067,0.0,0.946,0.915,0.965,0.105,0.049,0.044,0.027,0.935,0.972,-2.378,,0,0,1.0,,,2,0,10,3.185,-2.802
Uruguay,2016,0.897,0.833,0.746,0.831,0.801,3.0,0.946,1.217,0.067,0.0,0.946,0.915,0.965,0.105,0.049,0.044,0.027,0.935,0.972,-2.378,,0,0,1.0,,,2,0,10,3.185,-2.802
Uruguay,2017,0.889,0.826,0.733,0.821,0.785,3.0,0.98,1.217,0.071,0.0,0.946,0.915,0.965,0.105,0.049,0.044,0.027,0.905,0.972,-2.378,,0,0,1.0,,,2,0,10,2.33,-2.802
Uruguay,2018,0.9,0.839,0.736,0.84,0.797,3.0,0.98,1.217,0.077,0.0,0.951,0.915,0.965,0.105,0.049,0.044,0.027,0.911,0.976,-2.378,,0,0,1.0,,,2,0,10,2.33,-2.802
Uruguay,2019,0.898,0.838,0.736,0.843,0.798,3.0,0.98,1.217,0.091,0.0,0.951,0.915,0.965,0.105,0.049,0.044,0.036,0.911,0.965,-2.378,,0,0,1.0,,,2,0,,2.33,-2.802
Uruguay,2020,0.87,0.81,0.699,0.761,0.759,3.0,0.98,1.09,0.136,0.0,0.963,0.927,0.96,0.127,0.075,0.056,0.099,0.909,0.952,-1.741,,0,0,1.0,,,2,0,,1.446,-3.29
Uruguay,2021,0.857,0.795,0.675,0.742,0.728,3.0,0.966,1.09,0.05,0.0,0.956,0.927,0.948,0.127,0.089,0.066,0.099,0.919,0.952,-2.105,,0,0,1.0,,,,,,2.168,-3.29
Uruguay,2022,0.819,0.748,0.65,0.693,0.667,3.0,0.966,1.09,0.111,0.0,0.944,0.915,0.934,0.155,0.109,0.083,0.119,0.881,0.941,-1.86,,0,0,1.0,,,,,,1.884,-2.805
Uruguay,2023,0.834,0.757,0.66,0.711,0.698,3.0,0.966,1.207,0.125,0.0,0.94,0.897,0.936,0.147,0.093,0.07,0.119,0.862,0.95,-1.86,,0,0,1.0,,,,,,1.884,-3.162
Uruguay,2024,0.848,0.769,0.705,0.721,0.682,3.0,0.961,1.268,0.2,0.0,0.951,0.885,0.946,0.122,0.048,0.053,0.112,0.862,0.937,-2.179,,0,0,1.0,,,,,,1.884,-3.162
Venezuela,1960,0.652,0.516,0.34,0.518,0.438,2.0,0.65,0.497,0.143,0.333,0.745,0.823,0.698,0.246,0.245,0.532,0.375,0.87,0.736,-0.977,0,0,1,1.0,,,0,0,6,1.821,0.239
Venezuela,1961,0.664,0.533,0.35,0.526,0.448,2.0,0.626,0.497,0.143,0.333,0.745,0.853,0.698,0.246,0.245,0.532,0.448,0.87,0.693,-0.977,0,0,2,1.0,,,0,0,6,1.821,0.239
Venezuela,1962,0.658,0.528,0.345,0.518,0.442,2.0,0.626,0.497,0.143,0.333,0.745,0.865,0.698,0.246,0.245,0.532,0.448,0.87,0.687,-0.977,0,0,2,1.0,,,0,0,6,1.821,0.522
Venezuela,1963,0.656,0.527,0.344,0.517,0.438,2.0,0.626,0.497,0.143,0.333,0.745,0.865,0.698,0.246,0.245,0.532,0.45,0.87,0.687,-0.977,0,0,0,1.0,,,0,0,6,1.821,0.522
Venezuela,1964,0.635,0.512,0.333,0.515,0.432,2.0,0.634,0.497,0.143,0.333,0.745,0.851,0.697,0.272,0.245,0.537,0.475,0.87,0.686,-0.977,0,0,0,1.0,,,0,0,6,1.821,0.451
Venezuela,1965,0.642,0.516,0.344,0.552,0.437,2.0,0.634,0.497,0.143,0.333,0.745,0.851,0.697,0.272,0.245,0.537,0.475,0.894,0.687,-0.977,0,0,0,1.0,,,0,0,6,1.875,0.451
Venezuela,1966,0.642,0.516,0.344,0.552,0.437,2.0,0.634,0.497,0.143,0.333,0.745,0.851,0.697,0.272,0.245,0.537,0.475,0.894,0.687,-0.977,0,0,1,1.0,,,0,0,6,1.875,0.496
Venezuela,1967,0.642,0.516,0.344,0.552,0.437,2.0,0.634,0.497,0.143,0.333,0.745,0.851,0.697,0.272,0.245,0.537,0.475,0.894,0.687,-0.977,0,0,0,1.0,,,0,0,6,1.875,0.422
Venezuela,1968,0.642,0.518,0.345,0.552,0.435,2.0,0.659,0.497,0.143,0.333,0.745,0.862,0.697,0.272,0.245,0.537,0.473,0.894,0.686,-0.977,0,0,0,1.0,,,0,0,7,1.875,-0.367
Venezuela,1969,0.67,0.544,0.361,0.57,0.46,2.0,0.773,0.497,0.0,0.333,0.745,0.866,0.697,0.272,0.245,0.537,0.454,0.894,0.687,-0.977,0,0,0,1.0,,,0,0,9,1.875,-0.345
Venezuela,1970,0.686,0.553,0.368,0.58,0.471,2.0,0.773,0.497,0.0,0.333,0.731,0.866,0.672,0.272,0.312,0.554,0.454,0.894,0.687,-1.184,0,0,0,1.0,,,0,0,9,1.875,-1.169
Venezuela,1971,0.693,0.56,0.372,0.593,0.479,2.0,0.773,0.497,0.0,0.333,0.731,0.866,0.672,0.272,0.312,0.554,0.454,0.894,0.687,-1.184,0,0,0,1.0,,,0,0,9,1.875,-0.196
Venezuela,1972,0.701,0.567,0.378,0.6,0.482,2.0,0.773,0.497,0.0,0.333,0.731,0.866,0.667,0.312,0.312,0.565,0.454,0.894,0.686,-1.184,0,0,0,1.0,,,0,0,9,1.875,-0.196
Venezuela,1973,0.7,0.563,0.377,0.598,0.481,2.0,0.773,0.497,0.0,0.333,0.714,0.866,0.595,0.494,0.427,0.652,0.464,0.894,0.673,-1.184,0,0,0,1.0,,,0,0,9,1.875,-1.412
Venezuela,1974,0.727,0.584,0.396,0.627,0.502,2.0,0.773,0.497,0.0,0.333,0.714,0.861,0.586,0.508,0.455,0.663,0.601,0.894,0.633,-0.665,0,0,0,1.0,,,0,0,9,1.875,-2.005
Venezuela,1975,0.727,0.584,0.396,0.634,0.5,2.0,0.773,0.497,0.0,0.333,0.714,0.861,0.56,0.508,0.474,0.668,0.626,0.894,0.633,-0.665,0,0,0,1.0,,,0,0,9,1.875,-2.005
Venezuela,1976,0.727,0.586,0.396,0.634,0.5,2.0,0.773,0.497,0.0,0.333,0.724,0.861,0.566,0.508,0.474,0.668,0.626,0.894,0.633,-0.665,0,0,0,1.0,,,0,0,9,1.875,-1.176
Venezuela,1977,0.727,0.586,0.396,0.634,0.5,2.0,0.773,0.497,0.0,0.333,0.724,0.861,0.564,0.508,0.483,0.671,0.626,0.894,0.633,-0.665,0,0,0,1.0,,,0,0,9,1.875,-2.021
Venezuela,1978,0.729,0.585,0.395,0.635,0.5,2.0,0.773,0.497,0.0,0.333,0.724,0.861,0.564,0.508,0.483,0.671,0.624,0.894,0.633,-0.665,0,0,0,1.0,,,0,0,9,1.875,-2.021
Venezuela,1979,0.729,0.588,0.394,0.63,0.498,2.0,0.805,0.497,0.0,0.333,0.724,0.866,0.564,0.508,0.483,0.701,0.6,0.894,0.633,-1.24,0,0,0,1.0,,,0,0,9,1.875,-2.021
Venezuela,1980,0.731,0.589,0.394,0.629,0.494,2.0,0.805,0.497,0.0,0.333,0.724,0.874,0.565,0.523,0.483,0.706,0.6,0.894,0.65,-0.904,0,0,0,1.0,,,0,0,9,1.875,-2.021
Venezuela,1981,0.731,0.584,0.394,0.629,0.494,2.0,0.805,0.497,0.0,0.333,0.724,0.845,0.565,0.523,0.483,0.706,0.6,0.894,0.65,-0.904,0,0,0,1.0,,,0,0,9,1.875,-2.116
Venezuela,1982,0.731,0.587,0.393,0.629,0.494,2.0,0.805,0.497,0.0,0.333,0.724,0.858,0.565,0.523,0.483,0.706,0.6,0.891,0.65,-0.904,0,0,0,1.0,,,0,0,9,1.875,-1.252
Venezuela,1983,0.73,0.586,0.4,0.629,0.494,2.0,0.805,0.497,0.0,0.333,0.724,0.858,0.565,0.523,0.483,0.706,0.601,0.899,0.65,-0.904,0,0,0,1.0,,,0,0,9,1.875,-1.59
Venezuela,1984,0.727,0.582,0.399,0.628,0.494,2.0,0.805,0.497,0.0,0.333,0.724,0.846,0.558,0.565,0.483,0.716,0.609,0.899,0.65,-0.739,0,0,0,1.0,,,0,0,9,1.875,-2.109
Venezuela,1985,0.726,0.58,0.396,0.613,0.492,2.0,0.805,0.497,0.0,0.333,0.724,0.846,0.558,0.565,0.483,0.716,0.609,0.899,0.65,-0.739,0,0,0,1.0,,,0,0,9,1.875,-2.109
Venezuela,1986,0.724,0.58,0.396,0.611,0.49,2.0,0.805,0.497,0.0,0.333,0.724,0.846,0.558,0.565,0.483,0.716,0.609,0.899,0.65,-0.739,0,0,0,1.0,,,0,0,9,1.875,-1.268
Venezuela,1987,0.724,0.58,0.396,0.611,0.49,2.0,0.805,0.497,0.0,0.333,0.724,0.846,0.558,0.565,0.483,0.716,0.609,0.899,0.65,-0.739,0,0,0,1.0,,,0,0,9,1.875,-2.046
Venezuela,1988,0.728,0.578,0.448,0.614,0.492,2.0,0.773,0.497,0.0,0.333,0.703,0.846,0.548,0.565,0.483,0.716,0.609,0.899,0.65,-0.739,0,0,0,1.0,,,0,0,9,1.875,-1.804
Venezuela,1989,0.729,0.58,0.471,0.609,0.502,2.0,0.773,0.497,0.143,0.333,0.683,0.878,0.537,0.565,0.483,0.716,0.565,0.899,0.622,-0.739,0,0,0,1.0,,,0,0,9,1.875,-0.789
Venezuela,1990,0.739,0.595,0.476,0.626,0.512,2.0,0.806,0.497,0.143,0.333,0.671,0.908,0.54,0.565,0.483,0.7,0.583,0.887,0.622,-0.615,0,0,0,1.0,,,0,0,9,1.875,-1.089
Venezuela,1991,0.743,0.617,0.479,0.626,0.513,2.0,0.806,0.497,0.143,0.333,0.769,0.915,0.571,0.565,0.483,0.7,0.583,0.887,0.622,-0.615,0,0,0,1.0,,,0,0,9,1.875,-1.089
Venezuela,1992,0.733,0.61,0.48,0.64,0.505,2.0,0.806,0.497,0.143,0.333,0.769,0.915,0.563,0.59,0.483,0.706,0.583,0.887,0.622,-0.615,0,0,2,1.0,,,0,0,8,1.875,0.288
Venezuela,1993,0.745,0.615,0.487,0.647,0.516,2.0,0.806,0.497,0.143,0.333,0.769,0.894,0.575,0.552,0.483,0.697,0.59,0.887,0.612,-0.615,0,0,0,0.0,,,0,0,8,1.875,-1.303
Venezuela,1994,0.751,0.605,0.485,0.66,0.514,2.0,0.836,0.497,0.143,0.333,0.676,0.894,0.537,0.552,0.483,0.697,0.614,0.887,0.612,-0.972,0,0,0,1.0,,,0,0,8,1.875,-1.303
Venezuela,1995,0.751,0.604,0.485,0.66,0.514,2.0,0.836,0.497,0.143,0.333,0.685,0.894,0.55,0.54,0.465,0.69,0.614,0.887,0.612,-0.972,0,0,0,1.0,,,0,0,8,1.875,-1.728
Venezuela,1996,0.751,0.604,0.494,0.66,0.514,2.0,0.836,0.497,0.143,0.333,0.685,0.894,0.55,0.54,0.465,0.69,0.614,0.887,0.612,-0.972,0,0,0,1.0,,,0,0,8,1.875,-1.728
Venezuela,1997,0.749,0.603,0.491,0.658,0.512,2.0,0.836,0.497,0.143,0.333,0.685,0.894,0.547,0.54,0.488,0.695,0.614,0.887,0.612,-0.972,0,0,0,1.0,,,0,0,8,1.875,-1.728
Venezuela,1998,0.733,0.58,0.477,0.646,0.506,2.0,0.82,0.497,0.143,0.333,0.644,0.894,0.505,0.54,0.488,0.695,0.596,0.875,0.609,-0.972,0,0,0,1.0,,,0,0,8,1.993,-1.234
Venezuela,1999,0.67,0.441,0.481,0.505,0.481,2.0,0.792,-0.026,0.071,0.0,0.577,0.512,0.429,0.596,0.552,0.732,0.605,0.742,0.576,-0.913,0,0,0,1.0,,,0,0,7,0.963,-0.657
Venezuela,2000,0.573,0.305,0.406,0.333,0.406,2.0,0.781,-1.023,0.143,0.0,0.32,0.304,0.208,0.832,0.871,0.898,0.705,0.603,0.537,0.044,0,0,0,1.0,,,0,0,7,0.472,0.345
Venezuela,2001,0.532,0.283,0.377,0.31,0.379,2.0,0.755,-1.023,0.143,0.0,0.32,0.327,0.202,0.832,0.871,0.898,0.696,0.603,0.537,0.212,0,0,0,1.0,,,0,0,6,0.472,0.345
Venezuela,2002,0.499,0.255,0.357,0.288,0.352,1.0,0.722,-1.023,0.143,0.0,0.32,0.234,0.191,0.832,0.898,0.905,0.755,0.473,0.54,0.212,0,0,1,1.0,,,0,0,6,0.052,0.745
Venezuela,2003,0.483,0.242,0.345,0.257,0.34,1.0,0.678,-1.023,0.143,0.0,0.307,0.202,0.184,0.832,0.898,0.905,0.786,0.471,0.51,1.042,0,0,0,1.0,,,0,0,6,0.175,0.985
Venezuela,2004,0.472,0.215,0.337,0.239,0.335,1.0,0.678,-1.023,0.143,0.0,0.162,0.198,0.145,0.832,0.898,0.916,0.788,0.471,0.497,1.042,0,0,0,1.0,,,0,0,6,0.175,0.822
Venezuela,2005,0.471,0.181,0.331,0.239,0.334,1.0,0.678,-1.023,0.194,0.0,0.051,0.077,0.077,0.912,0.888,0.934,0.744,0.471,0.581,1.101,0,0,0,1.0,,,1,-1,6,0.175,0.928
Venezuela,2006,0.453,0.167,0.316,0.228,0.319,1.0,0.728,-1.023,0.167,0.0,0.043,0.041,0.075,0.912,0.888,0.934,0.751,0.471,0.581,1.19,0,0,0,1.0,,,1,0,5,0.175,0.738
Venezuela,2007,0.434,0.161,0.31,0.217,0.308,1.0,0.728,-1.023,0.139,0.0,0.043,0.041,0.066,0.912,0.941,0.947,0.766,0.472,0.581,1.19,0,0,0,1.0,,,1,0,5,0.043,0.891
Venezuela,2008,0.433,0.162,0.309,0.212,0.304,1.0,0.728,-1.023,0.139,0.0,0.043,0.041,0.069,0.912,0.925,0.943,0.786,0.461,0.581,1.395,0,0,0,1.0,,,1,0,5,0.043,0.737
Venezuela,2009,0.43,0.158,0.3,0.211,0.305,1.0,0.71,-1.023,0.139,0.0,0.039,0.041,0.063,0.912,0.941,0.947,0.786,0.461,0.581,1.395,,0,0,1.0,,,1,0,-3,0.043,0.979
Venezuela,2010,0.42,0.155,0.295,0.189,0.288,1.0,0.704,-1.161,0.139,0.0,0.046,0.039,0.056,0.93,0.954,0.955,0.799,0.442,0.555,1.592,,0,0,1.0,,,1,0,-3,-0.313,1.344
Venezuela,2011,0.414,0.15,0.29,0.187,0.284,1.0,0.704,-1.161,0.132,0.0,0.046,0.031,0.055,0.935,0.954,0.958,0.812,0.435,0.544,1.47,,0,0,1.0,,,1,0,-3,-0.366,1.667
Venezuela,2012,0.401,0.146,0.282,0.183,0.275,1.0,0.678,-1.161,0.158,0.0,0.046,0.031,0.056,0.935,0.954,0.958,0.814,0.421,0.544,1.47,,0,0,1.0,,,1,0,-3,-0.424,1.856
Venezuela,2013,0.324,0.109,0.232,0.104,0.226,1.0,0.58,-1.161,0.333,0.0,0.029,0.033,0.032,0.959,0.964,0.967,0.812,0.417,0.579,1.699,,0,0,1.0,,,1,0,4,-0.357,2.089
Venezuela,2014,0.31,0.101,0.22,0.077,0.22,1.0,0.5,-1.441,0.3,0.0,0.024,0.033,0.03,0.964,0.964,0.967,0.813,0.393,0.577,1.87,,0,0,1.0,,,1,0,4,-0.379,2.285
Venezuela,2015,0.297,0.104,0.213,0.068,0.209,1.0,0.473,-1.441,0.333,0.0,0.023,0.117,0.028,0.972,0.964,0.938,0.839,0.367,0.559,1.87,,0,0,1.0,,,1,0,4,-0.457,2.497
Venezuela,2016,0.292,0.117,0.208,0.059,0.18,1.0,0.521,-1.441,0.3,0.0,0.022,0.292,0.023,0.974,0.971,0.846,0.892,0.364,0.548,1.87,,0,0,1.0,,,1,0,4,-0.554,2.81
Venezuela,2017,0.232,0.082,0.172,0.046,0.152,1.0,0.339,-1.441,0.3,0.0,0.023,0.27,0.015,0.984,0.971,0.849,0.915,0.327,0.511,1.514,,0,0,1.0,,,1,0,-3,-0.734,3.067
Venezuela,2018,0.215,0.064,0.16,0.038,0.126,1.0,0.248,-1.441,0.286,0.0,0.017,0.153,0.012,0.984,0.971,0.917,0.903,0.334,0.51,1.514,,0,0,1.0,,,1,0,-3,-0.819,2.966
Venezuela,2019,0.208,0.062,0.159,0.039,0.125,1.0,0.169,-1.545,0.321,0.0,0.014,0.176,0.011,0.984,0.971,0.957,0.905,0.309,0.445,1.635,,0,0,1.0,,,1,0,,-0.85,2.333
Venezuela,2020,0.206,0.058,0.155,0.038,0.119,1.0,0.186,-1.504,0.25,0.0,0.023,0.139,0.01,0.99,0.98,0.962,0.888,0.301,0.494,1.11,,0,0,1.0,,,1,0,,-1.061,1.72
Venezuela,2021,0.215,0.057,0.159,0.042,0.114,1.0,0.18,-1.655,0.385,0.0,0.017,0.065,0.013,0.984,0.98,0.969,0.888,0.311,0.486,0.812,,0,0,1.0,,,,,,-1.004,1.585
Venezuela,2022,0.211,0.056,0.145,0.043,0.104,1.0,0.194,-1.655,0.346,0.0,0.021,0.057,0.014,0.984,0.98,0.971,0.875,0.311,0.494,0.744,,0,0,1.0,,,,,,-1.004,1.558
Venezuela,2023,0.207,0.054,0.16,0.041,0.101,1.0,0.19,-1.769,0.346,0.0,0.018,0.057,0.013,0.984,0.98,0.969,0.897,0.308,0.447,0.797,,0,0,1.0,,,,,,-1.036,1.558
Venezuela,2024,0.197,0.049,0.161,0.026,0.095,1.0,0.19,-1.769,0.375,0.0,0.013,0.042,0.01,0.984,0.98,0.97,0.905,0.342,0.444,0.941,,0,0,1.0,,,,,,-1.508,2.642
